000000022
000000202
000000220
000001022
000001202
000001220
000002002
000002012
000002022
000002102
000002112
000002122
000002202
000002212
000002220
000010022
000010202
000010220
000011022
000011202
000011220
000012002
000012012
000012022
000012102
000012112
000012122
000012202
000012212
000012220
000020002
000020012
000020020
000020021
000020022
000020102
000020112
000020120
000020121
000020122
000020200
000020201
000020202
000020210
000020211
000020212
000020220
000020221
000021002
000021012
000021020
000021021
000021022
000021102
000021112
000021120
000021121
000021122
000021200
000021201
000021202
000021210
000021211
000021212
000021220
000021221
000022000
000022001
000022002
000022010
000022011
000022012
000022020
000022021
000022022
000022100
000022101
000022102
000022110
000022112
000022120
000022121
000022122
000022200
000022201
000022202
000022210
000022211
000022212
000022220
000022221
000100022
000100202
000100220
000101022
000101202
000101220
000102002
000102012
000102022
000102102
000102112
000102122
000102202
000102212
000102220
000110022
000110202
000110220
000112002
000112012
000112022
000112102
000112112
000112122
000112202
000112212
000112220
000120002
000120012
000120020
000120021
000120022
000120102
000120112
000120120
000120121
000120122
000120200
000120201
000120202
000120210
000120211
000120212
000120220
000120221
000121002
000121012
000121020
000121021
000121022
000121102
000121112
000121120
000121121
000121122
000121200
000121201
000121202
000121210
000121211
000121212
000121220
000121221
000122002
000122012
000122020
000122021
000122022
000122102
000122112
000122120
000122121
000122122
000122200
000122201
000122202
000122210
000122211
000122212
000122220
000122221
000200022
000200200
000200201
000200202
000200210
000200211
000200212
000200220
000200221
000201022
000201200
000201201
000201202
000201210
000201211
000201212
000201220
000201221
000202000
000202001
000202002
000202010
000202011
000202012
000202020
000202021
000202022
000202100
000202101
000202102
000202110
000202112
000202120
000202121
000202122
000202200
000202201
000202202
000202210
000202211
000202212
000202220
000202221
000210022
000210200
000210201
000210202
000210210
000210211
000210212
000210220
000210221
000211022
000211200
000211201
000211202
000211210
000211211
000211212
000211220
000211221
000212002
000212012
000212022
000212102
000212112
000212122
000212200
000212201
000212202
000212210
000212211
000212212
000212220
000212221
000220000
000220001
000220002
000220010
000220011
000220012
000220020
000220021
000220022
000220100
000220101
000220102
000220110
000220112
000220120
000220121
000220122
000220200
000220201
000220202
000220210
000220211
000220212
000220220
000220221
000221002
000221012
000221020
000221021
000221022
000221102
000221112
000221120
000221121
000221122
000221200
000221201
000221202
000221210
000221211
000221212
000221220
000221221
001000022
001000202
001000220
001001022
001001202
001001220
001002002
001002012
001002022
001002102
001002112
001002122
001002202
001002212
001002220
001010022
001010202
001010220
001011022
001011202
001011220
001012002
001012012
001012022
001012202
001012212
001012220
001020002
001020012
001020020
001020021
001020022
001020102
001020112
001020120
001020121
001020122
001020202
001020212
001020220
001020221
001021002
001021012
001021020
001021022
001021102
001021112
001021120
001021122
001021202
001021212
001021220
001022000
001022001
001022002
001022010
001022011
001022012
001022020
001022021
001022022
001022100
001022101
001022102
001022110
001022112
001022120
001022121
001022122
001022200
001022201
001022202
001022210
001022211
001022212
001022220
001022221
001100022
001100202
001100220
001101022
001101202
001101220
001102002
001102012
001102022
001102102
001102112
001102122
001102202
001102212
001102220
001110022
001110202
001110220
001112002
001112012
001112022
001112202
001112212
001112220
001120002
001120012
001120020
001120021
001120022
001120102
001120112
001120120
001120121
001120122
001120202
001120212
001120220
001120221
001121002
001121012
001121020
001121022
001121102
001121112
001121120
001121122
001121202
001121212
001121220
001122002
001122012
001122020
001122021
001122022
001122102
001122112
001122120
001122121
001122122
001122202
001122212
001122220
001122221
001200022
001200200
001200201
001200202
001200210
001200211
001200212
001200220
001200221
001201022
001201200
001201202
001201210
001201212
001201220
001202000
001202001
001202002
001202010
001202011
001202012
001202020
001202021
001202022
001202100
001202101
001202102
001202110
001202112
001202120
001202121
001202122
001202200
001202201
001202202
001202210
001202211
001202212
001202220
001202221
001210022
001210200
001210201
001210202
001210210
001210211
001210212
001210220
001210221
001211022
001211200
001211202
001211210
001211212
001211220
001212002
001212012
001212022
001212200
001212201
001212202
001212210
001212211
001212212
001212220
001212221
001220000
001220001
001220002
001220010
001220011
001220012
001220020
001220021
001220022
001220100
001220101
001220102
001220110
001220112
001220120
001220121
001220122
001220200
001220201
001220202
001220210
001220211
001220212
001220220
001220221
001221002
001221012
001221020
001221022
001221102
001221112
001221120
001221122
001221200
001221202
001221210
001221212
001221220
002000002
002000012
002000022
002000102
002000112
002000122
002000200
002000201
002000202
002000210
002000211
002000212
002000220
002000221
002001002
002001012
002001022
002001102
002001112
002001122
002001200
002001201
002001202
002001210
002001211
002001212
002001220
002001221
002002000
002002001
002002010
002002011
002002020
002002021
002002100
002002101
002002110
002002120
002002121
002002200
002002201
002002210
002002211
002002220
002002221
002010002
002010012
002010022
002010102
002010112
002010122
002010202
002010212
002010220
002011002
002011012
002011022
002011102
002011112
002011122
002011202
002011212
002011220
002012000
002012001
002012010
002012011
002012020
002012021
002012100
002012101
002012110
002012120
002012121
002012200
002012201
002012210
002012211
002012220
002012221
002020000
002020001
002020002
002020010
002020011
002020012
002020020
002020021
002020022
002020102
002020112
002020120
002020121
002020122
002021000
002021001
002021002
002021010
002021011
002021012
002021020
002021021
002021022
002021102
002021112
002021120
002021121
002021122
002022000
002022001
002022010
002022011
002022020
002022021
002022100
002022101
002022110
002022120
002022121
002100002
002100012
002100022
002100102
002100112
002100122
002100200
002100201
002100202
002100210
002100211
002100212
002100220
002100221
002101002
002101012
002101022
002101102
002101112
002101122
002101200
002101201
002101202
002101210
002101211
002101212
002101220
002101221
002102000
002102001
002102010
002102011
002102020
002102021
002102100
002102101
002102110
002102120
002102121
002102200
002102201
002102210
002102211
002102220
002102221
002110002
002110012
002110022
002110102
002110112
002110122
002110202
002110212
002110220
002112000
002112001
002112010
002112011
002112020
002112021
002112100
002112101
002112110
002112120
002112121
002112200
002112201
002112210
002112211
002112220
002112221
002120000
002120001
002120002
002120010
002120011
002120012
002120020
002120021
002120022
002120102
002120112
002120120
002120121
002120122
002121000
002121001
002121002
002121010
002121011
002121012
002121020
002121021
002121022
002121102
002121112
002121120
002121121
002121122
002122000
002122001
002122010
002122011
002122020
002122021
002122100
002122101
002122110
002122120
002122121
002200002
002200012
002200022
002200102
002200112
002200122
002200200
002200201
002200202
002200210
002200211
002200212
002200220
002200221
002201002
002201012
002201022
002201102
002201112
002201122
002201200
002201201
002201202
002201210
002201211
002201212
002201220
002201221
002202000
002202001
002202010
002202011
002202020
002202021
002202100
002202101
002202110
002202120
002202121
002202200
002202201
002202210
002202211
002202220
002202221
002210002
002210012
002210022
002210102
002210112
002210122
002210200
002210201
002210202
002210210
002210211
002210212
002210220
002210221
002211002
002211012
002211022
002211102
002211112
002211122
002211200
002211201
002211202
002211210
002211211
002211212
002211220
002211221
002212000
002212001
002212010
002212011
002212020
002212021
002212100
002212101
002212110
002212120
002212121
002212200
002212201
002212210
002212211
002212220
002212221
002220000
002220001
002220002
002220010
002220011
002220012
002220020
002220021
002220022
002220100
002220101
002220102
002220110
002220112
002220120
002220121
002220122
002221000
002221001
002221002
002221010
002221011
002221012
002221020
002221021
002221022
002221102
002221112
002221120
002221121
002221122
010000022
010000202
010000220
010001022
010001202
010001220
010002022
010002202
010002220
010010022
010010202
010010220
010011022
010011202
010011220
010012022
010012202
010012220
010020002
010020012
010020022
010020102
010020112
010020122
010020200
010020201
010020202
010020210
010020211
010020212
010020220
010020221
010021002
010021012
010021022
010021102
010021112
010021122
010021200
010021201
010021202
010021210
010021211
010021212
010021220
010021221
010022000
010022001
010022002
010022010
010022011
010022012
010022020
010022021
010022022
010022100
010022101
010022102
010022110
010022112
010022120
010022121
010022122
010022200
010022201
010022202
010022210
010022211
010022212
010022220
010022221
010100022
010100202
010100220
010101022
010101202
010101220
010102022
010102202
010102220
010110022
010110202
010110220
010112022
010112202
010112220
010120002
010120012
010120022
010120102
010120112
010120122
010120200
010120201
010120202
010120210
010120211
010120212
010120220
010120221
010121002
010121012
010121022
010121102
010121112
010121122
010121200
010121201
010121202
010121210
010121211
010121212
010121220
010121221
010122002
010122012
010122022
010122102
010122112
010122122
010122200
010122201
010122202
010122210
010122211
010122212
010122220
010122221
010200022
010200200
010200201
010200202
010200210
010200211
010200212
010200220
010200221
010201022
010201200
010201201
010201202
010201210
010201211
010201212
010201220
010201221
010202000
010202001
010202002
010202010
010202011
010202012
010202020
010202021
010202022
010202100
010202101
010202102
010202110
010202112
010202120
010202121
010202122
010202200
010202201
010202202
010202210
010202211
010202212
010202220
010202221
010210022
010210200
010210201
010210202
010210220
010210221
010211022
010211200
010211201
010211202
010211220
010211221
010212022
010212200
010212201
010212202
010212220
010212221
010220000
010220001
010220002
010220010
010220011
010220012
010220020
010220021
010220022
010220100
010220101
010220102
010220110
010220112
010220120
010220121
010220122
010220200
010220201
010220202
010220210
010220211
010220212
010220220
010220221
010221002
010221012
010221022
010221102
010221112
010221122
010221200
010221201
010221202
010221210
010221211
010221212
010221220
010221221
011000022
011000202
011000220
011001022
011001202
011001220
011002022
011002202
011002220
011010022
011010202
011010220
011011022
011011202
011011220
011012022
011012202
011012220
011020002
011020012
011020022
011020102
011020112
011020122
011020202
011020212
011020220
011021002
011021012
011021022
011021102
011021112
011021122
011021202
011021212
011021220
011022000
011022001
011022002
011022010
011022011
011022012
011022020
011022021
011022022
011022100
011022101
011022102
011022110
011022112
011022120
011022121
011022122
011022200
011022201
011022202
011022210
011022211
011022212
011022220
011022221
011100022
011100202
011100220
011101022
011101202
011101220
011102022
011102202
011102220
011110022
011110202
011110220
011112022
011112202
011112220
011120002
011120012
011120022
011120102
011120112
011120122
011120202
011120212
011120220
011121002
011121012
011121022
011121102
011121112
011121122
011121202
011121212
011121220
011122002
011122012
011122022
011122102
011122112
011122122
011122202
011122212
011122220
011200022
011200200
011200201
011200202
011200210
011200211
011200212
011200220
011200221
011201022
011201200
011201202
011201210
011201212
011201220
011202000
011202001
011202002
011202010
011202011
011202012
011202020
011202021
011202022
011202100
011202101
011202102
011202110
011202112
011202120
011202121
011202122
011202200
011202201
011202202
011202210
011202211
011202212
011202220
011202221
011210022
011210200
011210201
011210202
011210220
011210221
011211022
011211200
011211202
011211220
011212022
011212200
011212201
011212202
011212220
011212221
011220000
011220001
011220002
011220010
011220011
011220012
011220020
011220021
011220022
011220100
011220101
011220102
011220110
011220112
011220120
011220121
011220122
011220200
011220201
011220202
011220210
011220211
011220212
011220220
011220221
011221002
011221012
011221022
011221102
011221112
011221122
011221200
011221202
011221210
011221212
011221220
012000022
012000200
012000201
012000202
012000210
012000211
012000212
012000220
012000221
012001022
012001200
012001201
012001202
012001210
012001211
012001212
012001220
012001221
012002200
012002201
012002210
012002211
012002220
012002221
012010022
012010202
012010220
012011022
012011202
012011220
012012220
012020000
012020001
012020002
012020010
012020011
012020012
012020020
012020021
012020022
012020102
012020112
012020122
012021000
012021001
012021002
012021010
012021011
012021012
012021020
012021021
012021022
012021102
012021112
012021122
012022000
012022001
012022010
012022011
012022020
012022021
012022100
012022101
012022110
012022120
012022121
012100022
012100200
012100201
012100202
012100210
012100211
012100212
012100220
012100221
012101022
012101200
012101201
012101202
012101210
012101211
012101212
012101220
012101221
012102200
012102201
012102210
012102211
012102220
012102221
012110022
012110202
012110220
012112220
012120000
012120001
012120002
012120010
012120011
012120012
012120020
012120021
012120022
012120102
012120112
012120122
012121000
012121001
012121002
012121010
012121011
012121012
012121020
012121021
012121022
012121102
012121112
012121122
012122000
012122001
012122010
012122011
012122020
012122021
012200022
012200200
012200201
012200202
012200210
012200211
012200212
012200220
012200221
012201022
012201200
012201201
012201202
012201210
012201211
012201212
012201220
012201221
012202000
012202001
012202010
012202011
012202020
012202021
012202100
012202101
012202110
012202120
012202121
012202200
012202201
012202210
012202211
012202220
012202221
012210022
012210200
012210201
012210202
012210220
012210221
012211022
012211200
012211201
012211202
012211220
012211221
012212200
012212201
012212220
012212221
012220000
012220001
012220002
012220010
012220011
012220012
012220020
012220021
012220022
012220100
012220101
012220102
012220110
012220112
012220120
012220121
012220122
012221000
012221001
012221002
012221010
012221011
012221012
012221020
012221021
012221022
012221102
012221112
012221122
020000022
020000202
020000220
020001022
020001202
020001220
020002022
020002202
020002220
020010022
020010202
020010220
020011022
020011202
020011220
020012022
020012202
020012220
020020002
020020012
020020102
020020112
020020200
020020201
020020202
020020210
020020211
020020212
020021002
020021012
020021102
020021112
020021200
020021201
020021202
020021210
020021211
020021212
020022000
020022001
020022002
020022010
020022011
020022012
020022100
020022101
020022102
020022110
020022112
020022200
020022201
020022202
020022210
020022211
020022212
020100022
020100202
020100220
020101022
020101202
020101220
020102022
020102202
020102220
020110022
020110202
020110220
020112022
020112202
020112220
020120002
020120012
020120102
020120112
020120200
020120201
020120202
020120210
020120211
020120212
020121002
020121012
020121102
020121112
020121200
020121201
020121202
020121210
020121211
020121212
020122002
020122012
020122102
020122112
020122200
020122201
020122202
020122210
020122211
020122212
020200022
020200200
020200201
020200202
020200210
020200211
020200212
020200220
020200221
020201022
020201200
020201201
020201202
020201210
020201211
020201212
020201220
020201221
020202000
020202001
020202002
020202010
020202011
020202012
020202020
020202021
020202022
020202100
020202101
020202102
020202110
020202112
020202120
020202121
020202122
020202200
020202201
020202202
020202210
020202211
020202212
020202220
020202221
020210022
020210200
020210201
020210202
020210210
020210211
020210212
020210220
020210221
020211022
020211200
020211201
020211202
020211210
020211211
020211212
020211220
020211221
020212022
020212200
020212201
020212202
020212210
020212211
020212212
020212220
020212221
020220000
020220001
020220002
020220010
020220011
020220012
020220100
020220101
020220102
020220110
020220112
020220200
020220201
020220202
020220210
020220211
020220212
020221002
020221012
020221102
020221112
020221200
020221201
020221202
020221210
020221211
020221212
021000022
021000202
021000220
021001022
021001202
021001220
021002022
021002202
021002220
021010022
021010202
021010220
021011022
021011202
021011220
021012022
021012202
021012220
021020002
021020012
021020102
021020112
021020202
021020212
021021002
021021012
021021102
021021112
021021202
021021212
021022000
021022001
021022002
021022010
021022011
021022012
021022100
021022101
021022102
021022110
021022112
021022200
021022201
021022202
021022210
021022211
021022212
021100022
021100202
021100220
021101022
021101202
021101220
021102022
021102202
021102220
021110022
021110202
021110220
021112022
021112202
021112220
021120002
021120012
021120102
021120112
021120202
021120212
021121002
021121012
021121102
021121112
021121202
021121212
021122002
021122012
021122102
021122112
021122202
021122212
021200022
021200200
021200201
021200202
021200210
021200211
021200212
021200220
021200221
021201022
021201200
021201202
021201210
021201212
021201220
021202000
021202001
021202002
021202010
021202011
021202012
021202020
021202021
021202022
021202100
021202101
021202102
021202110
021202112
021202120
021202121
021202122
021202200
021202201
021202202
021202210
021202211
021202212
021202220
021202221
021210022
021210200
021210201
021210202
021210210
021210211
021210212
021210220
021210221
021211022
021211200
021211202
021211210
021211212
021211220
021212022
021212200
021212201
021212202
021212210
021212211
021212212
021212220
021212221
021220000
021220001
021220002
021220010
021220011
021220012
021220100
021220101
021220102
021220110
021220112
021220200
021220201
021220202
021220210
021220211
021220212
021221002
021221012
021221102
021221112
021221200
021221202
021221210
021221212
022000000
022000001
022000002
022000010
022000011
022000012
022000020
022000021
022000022
022000100
022000101
022000102
022000110
022000112
022000120
022000121
022000122
022000200
022000201
022000202
022000210
022000211
022000212
022000220
022000221
022001000
022001001
022001002
022001010
022001011
022001012
022001020
022001021
022001022
022001100
022001101
022001102
022001110
022001112
022001120
022001121
022001122
022001200
022001201
022001202
022001210
022001211
022001212
022001220
022001221
022002000
022002001
022002010
022002011
022002020
022002021
022002100
022002101
022002110
022002120
022002121
022002200
022002201
022002210
022002211
022002220
022002221
022010000
022010001
022010002
022010010
022010011
022010012
022010020
022010021
022010022
022010100
022010101
022010102
022010110
022010112
022010120
022010121
022010122
022010200
022010201
022010202
022010210
022010211
022010212
022010220
022010221
022011000
022011001
022011002
022011010
022011011
022011012
022011020
022011021
022011022
022011100
022011101
022011102
022011110
022011112
022011120
022011121
022011122
022011200
022011201
022011202
022011210
022011211
022011212
022011220
022011221
022012000
022012001
022012010
022012011
022012020
022012021
022012100
022012101
022012110
022012120
022012121
022012200
022012201
022012210
022012211
022012220
022012221
022020000
022020001
022020002
022020010
022020011
022020012
022020100
022020101
022020102
022020110
022020112
022021000
022021001
022021002
022021010
022021011
022021012
022021100
022021101
022021102
022021110
022021112
022022000
022022001
022022010
022022011
022022100
022022101
022022110
022100000
022100001
022100002
022100010
022100011
022100012
022100020
022100021
022100022
022100100
022100101
022100102
022100110
022100112
022100120
022100121
022100122
022100200
022100201
022100202
022100210
022100211
022100212
022100220
022100221
022101000
022101001
022101002
022101010
022101011
022101012
022101020
022101021
022101022
022101100
022101101
022101102
022101110
022101112
022101120
022101121
022101122
022101200
022101201
022101202
022101210
022101211
022101212
022101220
022101221
022102000
022102001
022102010
022102011
022102020
022102021
022102100
022102101
022102110
022102120
022102121
022102200
022102201
022102210
022102211
022102220
022102221
022110000
022110001
022110002
022110010
022110011
022110012
022110020
022110021
022110022
022110100
022110101
022110102
022110110
022110112
022110120
022110121
022110122
022110200
022110201
022110202
022110210
022110211
022110212
022110220
022110221
022112000
022112001
022112010
022112011
022112020
022112021
022112100
022112101
022112110
022112120
022112121
022112200
022112201
022112210
022112211
022112220
022112221
022120000
022120001
022120002
022120010
022120011
022120012
022120100
022120101
022120102
022120110
022120112
022121000
022121001
022121002
022121010
022121011
022121012
022121100
022121101
022121102
022121110
022121112
022122000
022122001
022122010
022122011
022122100
022122101
022122110
022200000
022200001
022200002
022200010
022200011
022200012
022200020
022200021
022200022
022200100
022200101
022200102
022200110
022200112
022200120
022200121
022200122
022200200
022200201
022200202
022200210
022200211
022200212
022200220
022200221
022201000
022201001
022201002
022201010
022201011
022201012
022201020
022201021
022201022
022201100
022201101
022201102
022201110
022201112
022201120
022201121
022201122
022201200
022201201
022201202
022201210
022201211
022201212
022201220
022201221
022202000
022202001
022202010
022202011
022202020
022202021
022202100
022202101
022202110
022202120
022202121
022202200
022202201
022202210
022202211
022202220
022202221
022210000
022210001
022210002
022210010
022210011
022210012
022210020
022210021
022210022
022210100
022210101
022210102
022210110
022210112
022210120
022210121
022210122
022210200
022210201
022210202
022210210
022210211
022210212
022210220
022210221
022211000
022211001
022211002
022211010
022211011
022211012
022211020
022211021
022211022
022211100
022211101
022211102
022211110
022211112
022211120
022211121
022211122
022211200
022211201
022211202
022211210
022211211
022211212
022211220
022211221
022212000
022212001
022212010
022212011
022212020
022212021
022212100
022212101
022212110
022212120
022212121
022212200
022212201
022212210
022212211
022212220
022212221
022220000
022220001
022220002
022220010
022220011
022220012
022220100
022220101
022220102
022220110
022220112
022221000
022221001
022221002
022221010
022221011
022221012
022221100
022221101
022221102
022221110
022221112
100000022
100000202
100000220
100001022
100001202
100001220
100002002
100002012
100002022
100002102
100002112
100002122
100002202
100002212
100002220
100010022
100010202
100010220
100011022
100011202
100011220
100012002
100012012
100012022
100012102
100012112
100012122
100012202
100012212
100012220
100020020
100020021
100020022
100020120
100020121
100020122
100020200
100020201
100020202
100020210
100020211
100020212
100020220
100020221
100021020
100021021
100021022
100021120
100021121
100021122
100021200
100021201
100021202
100021210
100021211
100021212
100021220
100021221
100022000
100022001
100022002
100022010
100022011
100022012
100022020
100022021
100022022
100022100
100022101
100022102
100022110
100022112
100022120
100022121
100022122
100022200
100022201
100022202
100022210
100022211
100022212
100022220
100022221
100100022
100100202
100100220
100101022
100101202
100101220
100102002
100102012
100102022
100102202
100102212
100102220
100110022
100110202
100110220
100112002
100112012
100112022
100112202
100112212
100112220
100120020
100120021
100120022
100120200
100120201
100120202
100120210
100120211
100120212
100120220
100120221
100121020
100121021
100121022
100121200
100121201
100121202
100121210
100121211
100121212
100121220
100121221
100122002
100122012
100122020
100122021
100122022
100122200
100122201
100122202
100122210
100122211
100122212
100122220
100122221
100200022
100200202
100200220
100201022
100201202
100201220
100202000
100202001
100202002
100202010
100202011
100202012
100202020
100202021
100202022
100202100
100202101
100202102
100202110
100202112
100202120
100202121
100202122
100202200
100202201
100202202
100202210
100202211
100202212
100202220
100202221
100210022
100210202
100210220
100211022
100211202
100211220
100212002
100212012
100212022
100212102
100212112
100212122
100212202
100212212
100212220
100220000
100220001
100220002
100220010
100220011
100220012
100220020
100220021
100220022
100220100
100220101
100220102
100220110
100220112
100220120
100220121
100220122
100220200
100220201
100220202
100220210
100220211
100220212
100220220
100220221
100221020
100221021
100221022
100221120
100221121
100221122
100221200
100221201
100221202
100221210
100221211
100221212
100221220
100221221
101000022
101000202
101000220
101001022
101001202
101001220
101002002
101002012
101002022
101002102
101002112
101002122
101002202
101002212
101002220
101010022
101010202
101010220
101011022
101011202
101011220
101012002
101012012
101012022
101012202
101012212
101012220
101020020
101020021
101020022
101020120
101020121
101020122
101020202
101020220
101020221
101021020
101021022
101021120
101021122
101021202
101021220
101022000
101022001
101022002
101022010
101022011
101022012
101022020
101022021
101022022
101022100
101022101
101022102
101022110
101022112
101022120
101022121
101022122
101022200
101022201
101022202
101022210
101022211
101022212
101022220
101022221
101100022
101100202
101100220
101101022
101101202
101101220
101102002
101102012
101102022
101102202
101102212
101102220
101110022
101110202
101110220
101112002
101112012
101112022
101112202
101112212
101112220
101120020
101120021
101120022
101120202
101120220
101120221
101121020
101121022
101121202
101121220
101122002
101122012
101122020
101122021
101122022
101122202
101122212
101122220
101122221
101200022
101200202
101200220
101201022
101201202
101201220
101202000
101202001
101202002
101202010
101202011
101202012
101202020
101202021
101202022
101202100
101202101
101202102
101202110
101202112
101202120
101202121
101202122
101202200
101202201
101202202
101202210
101202211
101202212
101202220
101202221
101210022
101210202
101210220
101211022
101211202
101211220
101212002
101212012
101212022
101212202
101212212
101212220
101220000
101220001
101220002
101220010
101220011
101220012
101220020
101220021
101220022
101220100
101220101
101220102
101220110
101220112
101220120
101220121
101220122
101220200
101220201
101220202
101220210
101220211
101220212
101220220
101220221
101221020
101221022
101221120
101221122
101221202
101221220
102000002
102000012
102000022
102000102
102000112
102000122
102000200
102000201
102000202
102000210
102000211
102000212
102000220
102000221
102001002
102001012
102001022
102001102
102001112
102001122
102001200
102001201
102001202
102001210
102001211
102001212
102001220
102001221
102002000
102002001
102002010
102002011
102002020
102002021
102002100
102002101
102002110
102002120
102002121
102002200
102002201
102002210
102002211
102002220
102002221
102010002
102010012
102010022
102010102
102010112
102010122
102010202
102010212
102010220
102011002
102011012
102011022
102011102
102011112
102011122
102011202
102011212
102011220
102012000
102012010
102012020
102012100
102012110
102012120
102012200
102012210
102012220
102020000
102020001
102020002
102020010
102020011
102020012
102020020
102020021
102020022
102020102
102020112
102020120
102020121
102020122
102021000
102021001
102021002
102021010
102021011
102021012
102021020
102021021
102021022
102021102
102021112
102021120
102021121
102021122
102022000
102022001
102022010
102022011
102022020
102022021
102022100
102022101
102022110
102022120
102022121
102100002
102100012
102100022
102100200
102100201
102100202
102100210
102100211
102100212
102100220
102100221
102101002
102101012
102101022
102101200
102101201
102101202
102101210
102101211
102101212
102101220
102101221
102102000
102102001
102102010
102102011
102102020
102102021
102102200
102102201
102102210
102102211
102102220
102102221
102110002
102110012
102110022
102110202
102110212
102110220
102112000
102112010
102112020
102112200
102112210
102112220
102120000
102120001
102120002
102120010
102120011
102120012
102120020
102120021
102120022
102121000
102121001
102121002
102121010
102121011
102121012
102121020
102121021
102121022
102122000
102122001
102122010
102122011
102122020
102122021
102200002
102200012
102200022
102200102
102200112
102200122
102200200
102200201
102200202
102200210
102200211
102200212
102200220
102200221
102201002
102201012
102201022
102201102
102201112
102201122
102201200
102201201
102201202
102201210
102201211
102201212
102201220
102201221
102202000
102202001
102202010
102202011
102202020
102202021
102202100
102202101
102202110
102202120
102202121
102202200
102202201
102202210
102202211
102202220
102202221
102210002
102210012
102210022
102210102
102210112
102210122
102210202
102210212
102210220
102211002
102211012
102211022
102211102
102211112
102211122
102211202
102211212
102211220
102212000
102212010
102212020
102212100
102212110
102212120
102212200
102212210
102212220
102220000
102220001
102220002
102220010
102220011
102220012
102220020
102220021
102220022
102220100
102220101
102220102
102220110
102220112
102220120
102220121
102220122
102221000
102221001
102221002
102221010
102221011
102221012
102221020
102221021
102221022
102221102
102221112
102221120
102221121
102221122
110000022
110000202
110000220
110001022
110001202
110001220
110002022
110002202
110002220
110010022
110010202
110010220
110011022
110011202
110011220
110012022
110012202
110012220
110020022
110020200
110020201
110020202
110020210
110020211
110020212
110020220
110020221
110021022
110021200
110021201
110021202
110021210
110021211
110021212
110021220
110021221
110022000
110022001
110022002
110022010
110022011
110022012
110022020
110022021
110022022
110022100
110022101
110022102
110022110
110022112
110022120
110022121
110022122
110022200
110022201
110022202
110022210
110022211
110022212
110022220
110022221
110100022
110100202
110100220
110101022
110101202
110101220
110102022
110102202
110102220
110110022
110110202
110110220
110112022
110112202
110112220
110120022
110120200
110120201
110120202
110120210
110120211
110120212
110120220
110120221
110121022
110121200
110121201
110121202
110121210
110121211
110121212
110121220
110121221
110122022
110122200
110122201
110122202
110122210
110122211
110122212
110122220
110122221
110200022
110200202
110200220
110201022
110201202
110201220
110202000
110202001
110202002
110202010
110202011
110202012
110202020
110202021
110202022
110202100
110202101
110202102
110202110
110202112
110202120
110202121
110202122
110202200
110202201
110202202
110202210
110202211
110202212
110202220
110202221
110210022
110210202
110210220
110211022
110211202
110211220
110212022
110212202
110212220
110220000
110220001
110220002
110220010
110220011
110220012
110220020
110220021
110220022
110220100
110220101
110220102
110220110
110220112
110220120
110220121
110220122
110220200
110220201
110220202
110220210
110220211
110220212
110220220
110220221
110221022
110221200
110221201
110221202
110221210
110221211
110221212
110221220
110221221
112000022
112000200
112000201
112000202
112000210
112000211
112000212
112000220
112000221
112001022
112001200
112001201
112001202
112001210
112001211
112001212
112001220
112001221
112002200
112002201
112002210
112002211
112002220
112002221
112010022
112010202
112010220
112011022
112011202
112011220
112012220
112020000
112020001
112020002
112020010
112020011
112020012
112020020
112020021
112020022
112021000
112021001
112021002
112021010
112021011
112021012
112021020
112021021
112021022
112022000
112022001
112022010
112022011
112022020
112022021
112022100
112022101
112022110
112022120
112022121
112100022
112100200
112100201
112100202
112100210
112100211
112100212
112100220
112100221
112101022
112101200
112101201
112101202
112101210
112101211
112101212
112101220
112101221
112102200
112102201
112102210
112102211
112102220
112102221
112110022
112110202
112110220
112112220
112120000
112120001
112120002
112120010
112120011
112120012
112120020
112120021
112120022
112121000
112121001
112121002
112121010
112121011
112121012
112121020
112121021
112121022
112122000
112122001
112122010
112122011
112122020
112122021
112200022
112200200
112200201
112200202
112200210
112200211
112200212
112200220
112200221
112201022
112201200
112201201
112201202
112201210
112201211
112201212
112201220
112201221
112202000
112202001
112202010
112202011
112202020
112202021
112202100
112202101
112202110
112202120
112202121
112202200
112202201
112202210
112202211
112202220
112202221
112210022
112210202
112210220
112211022
112211202
112211220
112212220
112220000
112220001
112220002
112220010
112220011
112220012
112220020
112220021
112220022
112220100
112220101
112220102
112220110
112220112
112220120
112220121
112220122
112221000
112221001
112221002
112221010
112221011
112221012
112221020
112221021
112221022
120000022
120000202
120000220
120001022
120001202
120001220
120002022
120002202
120002220
120010022
120010202
120010220
120011022
120011202
120011220
120012022
120012202
120012220
120020200
120020201
120020202
120020210
120020211
120020212
120021200
120021201
120021202
120021210
120021211
120021212
120022000
120022001
120022002
120022010
120022011
120022012
120022100
120022101
120022102
120022110
120022112
120022200
120022201
120022202
120022210
120022211
120022212
120100022
120100202
120100220
120101022
120101202
120101220
120102022
120102202
120102220
120110022
120110202
120110220
120112022
120112202
120112220
120120200
120120201
120120202
120120210
120120211
120120212
120121200
120121201
120121202
120121210
120121211
120121212
120122200
120122201
120122202
120122210
120122211
120122212
120200022
120200202
120200220
120201022
120201202
120201220
120202000
120202001
120202002
120202010
120202011
120202012
120202020
120202021
120202022
120202100
120202101
120202102
120202110
120202112
120202120
120202121
120202122
120202200
120202201
120202202
120202210
120202211
120202212
120202220
120202221
120210022
120210202
120210220
120211022
120211202
120211220
120212022
120212202
120212220
120220000
120220001
120220002
120220010
120220011
120220012
120220100
120220101
120220102
120220110
120220112
120220200
120220201
120220202
120220210
120220211
120220212
120221200
120221201
120221202
120221210
120221211
120221212
121000022
121000202
121000220
121001022
121001202
121001220
121002022
121002202
121002220
121010022
121010202
121010220
121011022
121011202
121011220
121012022
121012202
121012220
121020202
121021202
121022000
121022001
121022002
121022010
121022011
121022012
121022100
121022101
121022102
121022110
121022112
121022200
121022201
121022202
121022210
121022211
121022212
121100022
121100202
121100220
121101022
121101202
121101220
121102022
121102202
121102220
121110022
121110202
121110220
121112022
121112202
121112220
121120202
121121202
121122202
121200022
121200202
121200220
121201022
121201202
121201220
121202000
121202001
121202002
121202010
121202011
121202012
121202020
121202021
121202022
121202100
121202101
121202102
121202110
121202112
121202120
121202121
121202122
121202200
121202201
121202202
121202210
121202211
121202212
121202220
121202221
121210022
121210202
121210220
121211022
121211202
121211220
121212022
121212202
121212220
121220000
121220001
121220002
121220010
121220011
121220012
121220100
121220101
121220102
121220110
121220112
121220200
121220201
121220202
121220210
121220211
121220212
121221202
122000022
122000200
122000201
122000202
122000210
122000211
122000212
122000220
122000221
122001022
122001200
122001201
122001202
122001210
122001211
122001212
122001220
122001221
122002200
122002201
122002210
122002211
122002220
122002221
122010022
122010202
122010220
122011022
122011202
122011220
122012220
122020000
122020001
122020002
122020010
122020011
122020012
122021000
122021001
122021002
122021010
122021011
122021012
122022000
122022001
122022010
122022011
122022100
122022101
122022110
122100022
122100200
122100201
122100202
122100210
122100211
122100212
122100220
122100221
122101022
122101200
122101201
122101202
122101210
122101211
122101212
122101220
122101221
122102200
122102201
122102210
122102211
122102220
122102221
122110022
122110202
122110220
122112220
122120000
122120001
122120002
122120010
122120011
122120012
122121000
122121001
122121002
122121010
122121011
122121012
122122000
122122001
122122010
122122011
122200022
122200200
122200201
122200202
122200210
122200211
122200212
122200220
122200221
122201022
122201200
122201201
122201202
122201210
122201211
122201212
122201220
122201221
122202000
122202001
122202010
122202011
122202020
122202021
122202100
122202101
122202110
122202120
122202121
122202200
122202201
122202210
122202211
122202220
122202221
122210022
122210202
122210220
122211022
122211202
122211220
122212220
122220000
122220001
122220002
122220010
122220011
122220012
122220100
122220101
122220102
122220110
122220112
122221000
122221001
122221002
122221010
122221011
122221012
200000002
200000012
200000022
200000102
200000112
200000122
200000202
200000212
200000220
200001002
200001012
200001022
200001102
200001112
200001122
200001202
200001212
200001220
200002002
200002012
200002022
200002102
200002112
200002122
200002202
200002212
200002220
200010022
200010202
200010220
200011022
200011202
200011220
200012002
200012012
200012022
200012102
200012112
200012122
200012202
200012212
200012220
200020000
200020010
200020020
200020021
200020100
200020110
200020120
200020121
200020200
200020201
200020210
200020211
200020220
200020221
200021000
200021010
200021020
200021021
200021100
200021110
200021120
200021121
200021200
200021201
200021210
200021211
200021220
200021221
200022000
200022001
200022010
200022011
200022020
200022021
200022100
200022101
200022110
200022120
200022121
200022200
200022201
200022210
200022211
200022220
200022221
200100002
200100012
200100022
200100102
200100112
200100122
200100202
200100212
200100220
200101002
200101012
200101022
200101102
200101112
200101122
200101202
200101212
200101220
200102002
200102012
200102022
200102102
200102112
200102122
200102202
200102212
200102220
200110022
200110202
200110220
200112002
200112012
200112022
200112102
200112112
200112122
200112202
200112212
200112220
200120000
200120010
200120020
200120021
200120100
200120110
200120120
200120121
200120200
200120201
200120210
200120211
200120220
200120221
200121000
200121010
200121020
200121021
200121100
200121110
200121120
200121121
200121200
200121201
200121210
200121211
200121220
200121221
200122000
200122010
200122020
200122021
200122100
200122110
200122120
200122121
200122200
200122201
200122210
200122211
200122220
200122221
200200002
200200012
200200022
200200102
200200112
200200122
200201002
200201012
200201022
200201102
200201112
200201122
200202000
200202001
200202002
200202010
200202011
200202012
200202020
200202021
200202022
200202100
200202101
200202102
200202110
200202112
200202120
200202121
200202122
200210022
200211022
200212002
200212012
200212022
200212102
200212112
200212122
200220000
200220001
200220010
200220011
200220020
200220021
200220100
200220101
200220110
200220120
200220121
200221000
200221010
200221020
200221021
200221100
200221110
200221120
200221121
201000002
201000012
201000022
201000102
201000112
201000122
201000202
201000212
201000220
201001002
201001012
201001022
201001102
201001112
201001122
201001202
201001212
201001220
201002002
201002012
201002022
201002102
201002112
201002122
201002202
201002212
201002220
201010022
201010202
201010220
201011022
201011202
201011220
201012002
201012012
201012022
201012202
201012212
201012220
201020000
201020010
201020020
201020021
201020100
201020110
201020120
201020121
201020200
201020210
201020220
201020221
201021000
201021010
201021020
201021100
201021110
201021120
201021200
201021210
201021220
201022000
201022001
201022010
201022011
201022020
201022021
201022100
201022101
201022110
201022120
201022121
201022200
201022201
201022210
201022211
201022220
201022221
201100002
201100012
201100022
201100102
201100112
201100122
201100202
201100212
201100220
201101002
201101012
201101022
201101102
201101112
201101122
201101202
201101212
201101220
201102002
201102012
201102022
201102102
201102112
201102122
201102202
201102212
201102220
201110022
201110202
201110220
201112002
201112012
201112022
201112202
201112212
201112220
201120000
201120010
201120020
201120021
201120100
201120110
201120120
201120121
201120200
201120210
201120220
201120221
201121000
201121010
201121020
201121100
201121110
201121120
201121200
201121210
201121220
201122000
201122010
201122020
201122021
201122100
201122110
201122120
201122121
201122200
201122210
201122220
201122221
201200002
201200012
201200022
201200102
201200112
201200122
201201002
201201012
201201022
201201102
201201112
201201122
201202000
201202001
201202002
201202010
201202011
201202012
201202020
201202021
201202022
201202100
201202101
201202102
201202110
201202112
201202120
201202121
201202122
201210022
201211022
201212002
201212012
201212022
201220000
201220001
201220010
201220011
201220020
201220021
201220100
201220101
201220110
201220120
201220121
201221000
201221010
201221020
201221100
201221110
201221120
202000000
202000001
202000002
202000010
202000011
202000012
202000020
202000021
202000022
202000100
202000101
202000102
202000110
202000112
202000120
202000121
202000122
202000200
202000201
202000202
202000210
202000211
202000212
202000220
202000221
202001000
202001001
202001002
202001010
202001011
202001012
202001020
202001021
202001022
202001100
202001101
202001102
202001110
202001112
202001120
202001121
202001122
202001200
202001201
202001202
202001210
202001211
202001212
202001220
202001221
202002000
202002001
202002010
202002011
202002020
202002021
202002100
202002101
202002110
202002120
202002121
202002200
202002201
202002210
202002211
202002220
202002221
202010000
202010001
202010002
202010010
202010011
202010012
202010020
202010021
202010022
202010100
202010101
202010102
202010110
202010112
202010120
202010121
202010122
202010200
202010201
202010202
202010210
202010211
202010212
202010220
202010221
202011000
202011001
202011002
202011010
202011011
202011012
202011020
202011021
202011022
202011100
202011101
202011102
202011110
202011112
202011120
202011121
202011122
202011200
202011201
202011202
202011210
202011211
202011212
202011220
202011221
202012000
202012001
202012010
202012011
202012020
202012021
202012100
202012101
202012110
202012120
202012121
202012200
202012201
202012210
202012211
202012220
202012221
202020000
202020001
202020010
202020011
202020020
202020021
202020100
202020101
202020110
202020120
202020121
202021000
202021001
202021010
202021011
202021020
202021021
202021100
202021101
202021110
202021120
202021121
202022000
202022001
202022010
202022011
202022020
202022021
202022100
202022101
202022110
202022120
202022121
202100000
202100001
202100002
202100010
202100011
202100012
202100020
202100021
202100022
202100100
202100101
202100102
202100110
202100112
202100120
202100121
202100122
202100200
202100201
202100202
202100210
202100211
202100212
202100220
202100221
202101000
202101001
202101002
202101010
202101011
202101012
202101020
202101021
202101022
202101100
202101101
202101102
202101110
202101112
202101120
202101121
202101122
202101200
202101201
202101202
202101210
202101211
202101212
202101220
202101221
202102000
202102001
202102010
202102011
202102020
202102021
202102100
202102101
202102110
202102120
202102121
202102200
202102201
202102210
202102211
202102220
202102221
202110000
202110001
202110002
202110010
202110011
202110012
202110020
202110021
202110022
202110100
202110101
202110102
202110110
202110112
202110120
202110121
202110122
202110200
202110201
202110202
202110210
202110211
202110212
202110220
202110221
202112000
202112001
202112010
202112011
202112020
202112021
202112100
202112101
202112110
202112120
202112121
202112200
202112201
202112210
202112211
202112220
202112221
202120000
202120001
202120010
202120011
202120020
202120021
202120100
202120101
202120110
202120120
202120121
202121000
202121001
202121010
202121011
202121020
202121021
202121100
202121101
202121110
202121120
202121121
202122000
202122001
202122010
202122011
202122020
202122021
202122100
202122101
202122110
202122120
202122121
202200000
202200001
202200002
202200010
202200011
202200012
202200020
202200021
202200022
202200100
202200101
202200102
202200110
202200112
202200120
202200121
202200122
202201000
202201001
202201002
202201010
202201011
202201012
202201020
202201021
202201022
202201100
202201101
202201102
202201110
202201112
202201120
202201121
202201122
202202000
202202001
202202010
202202011
202202020
202202021
202202100
202202101
202202110
202202120
202202121
202210000
202210001
202210002
202210010
202210011
202210012
202210020
202210021
202210022
202210100
202210101
202210102
202210110
202210112
202210120
202210121
202210122
202211000
202211001
202211002
202211010
202211011
202211012
202211020
202211021
202211022
202211100
202211101
202211102
202211110
202211112
202211120
202211121
202211122
202212000
202212001
202212010
202212011
202212020
202212021
202212100
202212101
202212110
202212120
202212121
202220000
202220001
202220010
202220011
202220020
202220021
202220100
202220101
202220110
202220120
202220121
202221000
202221001
202221010
202221011
202221020
202221021
202221100
202221101
202221110
202221120
202221121
210000002
210000012
210000022
210000102
210000112
210000122
210000202
210000212
210000220
210001002
210001012
210001022
210001102
210001112
210001122
210001202
210001212
210001220
210002002
210002012
210002022
210002102
210002112
210002122
210002202
210002212
210002220
210010022
210010202
210010220
210011022
210011202
210011220
210012022
210012202
210012220
210020000
210020010
210020020
210020100
210020110
210020120
210020200
210020201
210020210
210020211
210020220
210020221
210021000
210021010
210021020
210021100
210021110
210021120
210021200
210021201
210021210
210021211
210021220
210021221
210022000
210022001
210022010
210022011
210022020
210022021
210022100
210022101
210022110
210022120
210022121
210022200
210022201
210022210
210022211
210022220
210022221
210100002
210100012
210100022
210100102
210100112
210100122
210100202
210100212
210100220
210101002
210101012
210101022
210101102
210101112
210101122
210101202
210101212
210101220
210102002
210102012
210102022
210102102
210102112
210102122
210102202
210102212
210102220
210110022
210110202
210110220
210112022
210112202
210112220
210120000
210120010
210120020
210120100
210120110
210120120
210120200
210120201
210120210
210120211
210120220
210120221
210121000
210121010
210121020
210121100
210121110
210121120
210121200
210121201
210121210
210121211
210121220
210121221
210122000
210122010
210122020
210122100
210122110
210122120
210122200
210122201
210122210
210122211
210122220
210122221
210200002
210200012
210200022
210200102
210200112
210200122
210201002
210201012
210201022
210201102
210201112
210201122
210202000
210202001
210202002
210202010
210202011
210202012
210202020
210202021
210202022
210202100
210202101
210202102
210202110
210202112
210202120
210202121
210202122
210210022
210211022
210212022
210220000
210220001
210220010
210220011
210220020
210220021
210220100
210220101
210220110
210220120
210220121
210221000
210221010
210221020
210221100
210221110
210221120
211000002
211000012
211000022
211000102
211000112
211000122
211000202
211000212
211000220
211001002
211001012
211001022
211001102
211001112
211001122
211001202
211001212
211001220
211002002
211002012
211002022
211002102
211002112
211002122
211002202
211002212
211002220
211010022
211010202
211010220
211011022
211011202
211011220
211012022
211012202
211012220
211020000
211020010
211020020
211020100
211020110
211020120
211020200
211020210
211020220
211021000
211021010
211021020
211021100
211021110
211021120
211021200
211021210
211021220
211022000
211022001
211022010
211022011
211022020
211022021
211022100
211022101
211022110
211022120
211022121
211022200
211022201
211022210
211022211
211022220
211022221
211100002
211100012
211100022
211100102
211100112
211100122
211100202
211100212
211100220
211101002
211101012
211101022
211101102
211101112
211101122
211101202
211101212
211101220
211102002
211102012
211102022
211102102
211102112
211102122
211102202
211102212
211102220
211110022
211110202
211110220
211112022
211112202
211112220
211120000
211120010
211120020
211120100
211120110
211120120
211120200
211120210
211120220
211121000
211121010
211121020
211121100
211121110
211121120
211121200
211121210
211121220
211122000
211122010
211122020
211122100
211122110
211122120
211122200
211122210
211122220
211200002
211200012
211200022
211200102
211200112
211200122
211201002
211201012
211201022
211201102
211201112
211201122
211202000
211202001
211202002
211202010
211202011
211202012
211202020
211202021
211202022
211202100
211202101
211202102
211202110
211202112
211202120
211202121
211202122
211210022
211211022
211212022
211220000
211220001
211220010
211220011
211220020
211220021
211220100
211220101
211220110
211220120
211220121
211221000
211221010
211221020
211221100
211221110
211221120
212000002
212000012
212000022
212000102
212000112
212000122
212000200
212000201
212000202
212000210
212000211
212000212
212000220
212000221
212001002
212001012
212001022
212001102
212001112
212001122
212001200
212001201
212001202
212001210
212001211
212001212
212001220
212001221
212002200
212002201
212002210
212002211
212002220
212002221
212010022
212010202
212010220
212011022
212011202
212011220
212012220
212020000
212020001
212020010
212020011
212020020
212020021
212020100
212020110
212020120
212021000
212021001
212021010
212021011
212021020
212021021
212021100
212021110
212021120
212022000
212022001
212022010
212022011
212022020
212022021
212022100
212022101
212022110
212022120
212022121
212100002
212100012
212100022
212100102
212100112
212100122
212100200
212100201
212100202
212100210
212100211
212100212
212100220
212100221
212101002
212101012
212101022
212101102
212101112
212101122
212101200
212101201
212101202
212101210
212101211
212101212
212101220
212101221
212102200
212102201
212102210
212102211
212102220
212102221
212110022
212110202
212110220
212112220
212120000
212120001
212120010
212120011
212120020
212120021
212120100
212120110
212120120
212121000
212121001
212121010
212121011
212121020
212121021
212121100
212121110
212121120
212122000
212122001
212122010
212122011
212122020
212122021
212122100
212122110
212122120
212200002
212200012
212200022
212200102
212200112
212200122
212201002
212201012
212201022
212201102
212201112
212201122
212202000
212202001
212202010
212202011
212202020
212202021
212202100
212202101
212202110
212202120
212202121
212210022
212211022
212220000
212220001
212220010
212220011
212220020
212220021
212220100
212220101
212220110
212220120
212220121
212221000
212221001
212221010
212221011
212221020
212221021
212221100
212221110
212221120
220000000
220000001
220000002
220000010
220000011
220000012
220000020
220000021
220000022
220000100
220000101
220000102
220000110
220000112
220000120
220000121
220000122
220000200
220000201
220000202
220000210
220000211
220000212
220000220
220000221
220001000
220001001
220001002
220001010
220001011
220001012
220001020
220001021
220001022
220001100
220001101
220001102
220001110
220001112
220001120
220001121
220001122
220001200
220001201
220001202
220001210
220001211
220001212
220001220
220001221
220002000
220002001
220002002
220002010
220002011
220002012
220002020
220002021
220002022
220002100
220002101
220002102
220002110
220002112
220002120
220002121
220002122
220002200
220002201
220002202
220002210
220002211
220002212
220002220
220002221
220010000
220010001
220010002
220010010
220010011
220010012
220010020
220010021
220010022
220010100
220010101
220010102
220010110
220010112
220010120
220010121
220010122
220010200
220010201
220010202
220010210
220010211
220010212
220010220
220010221
220011000
220011001
220011002
220011010
220011011
220011012
220011020
220011021
220011022
220011100
220011101
220011102
220011110
220011112
220011120
220011121
220011122
220011200
220011201
220011202
220011210
220011211
220011212
220011220
220011221
220012000
220012001
220012002
220012010
220012011
220012012
220012020
220012021
220012022
220012100
220012101
220012102
220012110
220012112
220012120
220012121
220012122
220012200
220012201
220012202
220012210
220012211
220012212
220012220
220012221
220020000
220020001
220020010
220020011
220020100
220020101
220020110
220020200
220020201
220020210
220020211
220021000
220021001
220021010
220021011
220021100
220021101
220021110
220021200
220021201
220021210
220021211
220022000
220022001
220022010
220022011
220022100
220022101
220022110
220022200
220022201
220022210
220022211
220100000
220100001
220100002
220100010
220100011
220100012
220100020
220100021
220100022
220100100
220100101
220100102
220100110
220100112
220100120
220100121
220100122
220100200
220100201
220100202
220100210
220100211
220100212
220100220
220100221
220101000
220101001
220101002
220101010
220101011
220101012
220101020
220101021
220101022
220101100
220101101
220101102
220101110
220101112
220101120
220101121
220101122
220101200
220101201
220101202
220101210
220101211
220101212
220101220
220101221
220102000
220102001
220102002
220102010
220102011
220102012
220102020
220102021
220102022
220102100
220102101
220102102
220102110
220102112
220102120
220102121
220102122
220102200
220102201
220102202
220102210
220102211
220102212
220102220
220102221
220110000
220110001
220110002
220110010
220110011
220110012
220110020
220110021
220110022
220110100
220110101
220110102
220110110
220110112
220110120
220110121
220110122
220110200
220110201
220110202
220110210
220110211
220110212
220110220
220110221
220112000
220112001
220112002
220112010
220112011
220112012
220112020
220112021
220112022
220112100
220112101
220112102
220112110
220112112
220112120
220112121
220112122
220112200
220112201
220112202
220112210
220112211
220112212
220112220
220112221
220120000
220120001
220120010
220120011
220120100
220120101
220120110
220120200
220120201
220120210
220120211
220121000
220121001
220121010
220121011
220121100
220121101
220121110
220121200
220121201
220121210
220121211
220122000
220122001
220122010
220122011
220122100
220122101
220122110
220122200
220122201
220122210
220122211
220200000
220200001
220200002
220200010
220200011
220200012
220200020
220200021
220200022
220200100
220200101
220200102
220200110
220200112
220200120
220200121
220200122
220201000
220201001
220201002
220201010
220201011
220201012
220201020
220201021
220201022
220201100
220201101
220201102
220201110
220201112
220201120
220201121
220201122
220202000
220202001
220202002
220202010
220202011
220202012
220202020
220202021
220202022
220202100
220202101
220202102
220202110
220202112
220202120
220202121
220202122
220210000
220210001
220210002
220210010
220210011
220210012
220210020
220210021
220210022
220210100
220210101
220210102
220210110
220210112
220210120
220210121
220210122
220211000
220211001
220211002
220211010
220211011
220211012
220211020
220211021
220211022
220211100
220211101
220211102
220211110
220211112
220211120
220211121
220211122
220212000
220212001
220212002
220212010
220212011
220212012
220212020
220212021
220212022
220212100
220212101
220212102
220212110
220212112
220212120
220212121
220212122
220220000
220220001
220220010
220220011
220220100
220220101
220220110
220221000
220221001
220221010
220221011
220221100
220221101
220221110
221000002
221000012
221000022
221000102
221000112
221000122
221000202
221000212
221000220
221001002
221001012
221001022
221001102
221001112
221001122
221001202
221001212
221001220
221002002
221002012
221002022
221002102
221002112
221002122
221002202
221002212
221002220
221010022
221010202
221010220
221011022
221011202
221011220
221012022
221012202
221012220
221020000
221020010
221020100
221020110
221020200
221020210
221021000
221021010
221021100
221021110
221021200
221021210
221022000
221022001
221022010
221022011
221022100
221022101
221022110
221022200
221022201
221022210
221022211
221100002
221100012
221100022
221100102
221100112
221100122
221100202
221100212
221100220
221101002
221101012
221101022
221101102
221101112
221101122
221101202
221101212
221101220
221102002
221102012
221102022
221102102
221102112
221102122
221102202
221102212
221102220
221110022
221110202
221110220
221112022
221112202
221112220
221120000
221120010
221120100
221120110
221120200
221120210
221121000
221121010
221121100
221121110
221121200
221121210
221122000
221122010
221122100
221122110
221122200
221122210
221200002
221200012
221200022
221200102
221200112
221200122
221201002
221201012
221201022
221201102
221201112
221201122
221202000
221202001
221202002
221202010
221202011
221202012
221202020
221202021
221202022
221202100
221202101
221202102
221202110
221202112
221202120
221202121
221202122
221210022
221211022
221212022
221220000
221220001
221220010
221220011
221220100
221220101
221220110
221221000
221221010
221221100
221221110