000000011
000000101
000000110
000001001
000001011
000001021
000001101
000001110
000001121
000001201
000001211
000001221
000002011
000002101
000002110
000010001
000010010
000010011
000010012
000010021
000010100
000010101
000010102
000010110
000010112
000010120
000010121
000010122
000010201
000010210
000010211
000010212
000010221
000011000
000011001
000011002
000011010
000011011
000011012
000011020
000011021
000011022
000011100
000011101
000011102
000011110
000011112
000011120
000011121
000011122
000011200
000011201
000011202
000011210
000011211
000011212
000011220
000011221
000012001
000012010
000012011
000012012
000012021
000012100
000012101
000012102
000012110
000012112
000012120
000012121
000012122
000012201
000012210
000012211
000012212
000012221
000020011
000020101
000020110
000021001
000021011
000021021
000021101
000021110
000021121
000021201
000021211
000021221
000022011
000022101
000022110
000100011
000100100
000100101
000100102
000100110
000100112
000100120
000100121
000100122
000101000
000101001
000101002
000101010
000101011
000101012
000101020
000101021
000101022
000101100
000101101
000101102
000101110
000101112
000101120
000101121
000101122
000101200
000101201
000101202
000101210
000101211
000101212
000101220
000101221
000102011
000102100
000102101
000102102
000102110
000102112
000102120
000102121
000102122
000110000
000110001
000110002
000110010
000110011
000110012
000110020
000110021
000110022
000110100
000110101
000110102
000110110
000110112
000110120
000110121
000110122
000110200
000110201
000110202
000110210
000110211
000110212
000110220
000110221
000112001
000112010
000112011
000112012
000112021
000112100
000112101
000112102
000112110
000112112
000112120
000112121
000112122
000112201
000112210
000112211
000112212
000112221
000120011
000120100
000120101
000120102
000120110
000120112
000120120
000120121
000120122
000121001
000121011
000121021
000121100
000121101
000121102
000121110
000121112
000121120
000121121
000121122
000121201
000121211
000121221
000122011
000122100
000122101
000122102
000122110
000122112
000122120
000122121
000122122
000200011
000200101
000200110
000201001
000201011
000201021
000201101
000201110
000201121
000201201
000201211
000201221
000202011
000202101
000202110
000210001
000210010
000210011
000210012
000210021
000210100
000210101
000210102
000210110
000210112
000210120
000210121
000210122
000210201
000210210
000210211
000210212
000210221
000211001
000211010
000211011
000211012
000211021
000211100
000211101
000211102
000211110
000211112
000211120
000211121
000211122
000211201
000211210
000211211
000211212
000211221
000212001
000212010
000212011
000212012
000212021
000212100
000212101
000212102
000212110
000212112
000212120
000212121
000212122
000212201
000212210
000212211
000212212
000212221
000220011
000220101
000220110
000221001
000221011
000221021
000221101
000221110
000221121
000221201
000221211
000221221
001000001
001000011
001000021
001000100
001000101
001000102
001000110
001000112
001000120
001000121
001000122
001000201
001000211
001000221
001001000
001001002
001001010
001001012
001001020
001001022
001001100
001001102
001001110
001001112
001001120
001001122
001001200
001001202
001001210
001001212
001001220
001002001
001002011
001002021
001002100
001002101
001002102
001002110
001002112
001002120
001002121
001002122
001002201
001002211
001002221
001010000
001010001
001010002
001010010
001010011
001010012
001010020
001010021
001010022
001010201
001010210
001010211
001010212
001010221
001011000
001011002
001011010
001011012
001011020
001011022
001011200
001011202
001011210
001011212
001011220
001012000
001012001
001012002
001012010
001012011
001012012
001012020
001012021
001012022
001012201
001012210
001012211
001012212
001012221
001020001
001020011
001020021
001020101
001020110
001020121
001020201
001020211
001020221
001021000
001021002
001021010
001021012
001021020
001021022
001021100
001021102
001021110
001021112
001021120
001021122
001021200
001021202
001021210
001021212
001021220
001022001
001022011
001022021
001022101
001022110
001022121
001022201
001022211
001022221
001100001
001100011
001100021
001100100
001100101
001100102
001100110
001100112
001100120
001100121
001100122
001100201
001100211
001100221
001101000
001101002
001101010
001101012
001101020
001101022
001101100
001101102
001101110
001101112
001101120
001101122
001101200
001101202
001101210
001101212
001101220
001102001
001102011
001102021
001102100
001102101
001102102
001102110
001102112
001102120
001102121
001102122
001102201
001102211
001102221
001110000
001110001
001110002
001110010
001110011
001110012
001110020
001110021
001110022
001110200
001110201
001110202
001110210
001110211
001110212
001110220
001110221
001112000
001112001
001112002
001112010
001112011
001112012
001112020
001112021
001112022
001112201
001112210
001112211
001112212
001112221
001120001
001120011
001120021
001120100
001120101
001120102
001120110
001120112
001120120
001120121
001120122
001120201
001120211
001120221
001121000
001121002
001121010
001121012
001121020
001121022
001121100
001121102
001121110
001121112
001121120
001121122
001121200
001121202
001121210
001121212
001121220
001122001
001122011
001122021
001122100
001122101
001122102
001122110
001122112
001122120
001122121
001122122
001122201
001122211
001122221
001200001
001200011
001200021
001200100
001200101
001200102
001200110
001200112
001200120
001200121
001200122
001200201
001200211
001200221
001201000
001201002
001201010
001201012
001201020
001201022
001201100
001201102
001201110
001201112
001201120
001201122
001201200
001201202
001201210
001201212
001201220
001202001
001202011
001202021
001202100
001202101
001202102
001202110
001202112
001202120
001202121
001202122
001202201
001202211
001202221
001210000
001210001
001210002
001210010
001210011
001210012
001210020
001210021
001210022
001210201
001210210
001210211
001210212
001210221
001211000
001211002
001211010
001211012
001211020
001211022
001211200
001211202
001211210
001211212
001211220
001212000
001212001
001212002
001212010
001212011
001212012
001212020
001212021
001212022
001212201
001212210
001212211
001212212
001212221
001220001
001220011
001220021
001220101
001220110
001220121
001220201
001220211
001220221
001221000
001221002
001221010
001221012
001221020
001221022
001221100
001221102
001221110
001221112
001221120
001221122
001221200
001221202
001221210
001221212
001221220
002000011
002000101
002000110
002001001
002001011
002001021
002001101
002001110
002001121
002001201
002001211
002001221
002002011
002002101
002002110
002010001
002010010
002010011
002010012
002010021
002010101
002010110
002010112
002010121
002010201
002010210
002010211
002010212
002010221
002011000
002011001
002011002
002011010
002011011
002011012
002011020
002011021
002011022
002011100
002011101
002011102
002011110
002011112
002011120
002011121
002011122
002011200
002011201
002011202
002011210
002011211
002011212
002011220
002011221
002012001
002012010
002012011
002012021
002012101
002012110
002012121
002012201
002012210
002012211
002012221
002020011
002020101
002020110
002021001
002021011
002021021
002021101
002021110
002021121
002022011
002022101
002022110
002100011
002100100
002100101
002100102
002100110
002100112
002100120
002100121
002100122
002101000
002101001
002101002
002101010
002101011
002101012
002101020
002101021
002101022
002101100
002101101
002101102
002101110
002101112
002101120
002101121
002101122
002101200
002101201
002101202
002101210
002101211
002101212
002101220
002101221
002102011
002102100
002102101
002102110
002102120
002102121
002110000
002110001
002110002
002110010
002110011
002110012
002110020
002110021
002110022
002110100
002110101
002110102
002110110
002110112
002110120
002110121
002110122
002110200
002110201
002110202
002110210
002110211
002110212
002110220
002110221
002112001
002112010
002112011
002112021
002112100
002112101
002112110
002112120
002112121
002112201
002112210
002112211
002112221
002120011
002120100
002120101
002120102
002120110
002120112
002120120
002120121
002120122
002121001
002121011
002121021
002121100
002121101
002121102
002121110
002121112
002121120
002121121
002121122
002122011
002122100
002122101
002122110
002122120
002122121
002200011
002200101
002200110
002201001
002201011
002201021
002201101
002201110
002201121
002201201
002201211
002201221
002202011
002202101
002202110
002210001
002210010
002210011
002210012
002210021
002210101
002210110
002210112
002210121
002210201
002210210
002210211
002210212
002210221
002211001
002211010
002211011
002211012
002211021
002211101
002211110
002211112
002211121
002211201
002211210
002211211
002211212
002211221
002212001
002212010
002212011
002212021
002212101
002212110
002212121
002212201
002212210
002212211
002212221
002220011
002220101
002220110
002221001
002221011
002221021
002221101
002221110
002221121
010000011
010000101
010000110
010001011
010001101
010001110
010002011
010002101
010002110
010010001
010010021
010010100
010010101
010010102
010010120
010010121
010010122
010010201
010010221
010011000
010011001
010011002
010011020
010011021
010011022
010011100
010011101
010011102
010011120
010011121
010011122
010011200
010011201
010011202
010011220
010011221
010012001
010012021
010012100
010012101
010012102
010012120
010012121
010012122
010012201
010012221
010020011
010020101
010020110
010021011
010021101
010021110
010022011
010022101
010022110
010100011
010100100
010100101
010100102
010100110
010100112
010100120
010100121
010100122
010101000
010101001
010101002
010101010
010101011
010101012
010101020
010101021
010101022
010101100
010101101
010101102
010101110
010101112
010101120
010101121
010101122
010101200
010101201
010101202
010101210
010101211
010101212
010101220
010101221
010102011
010102100
010102101
010102102
010102110
010102112
010102120
010102121
010102122
010110000
010110001
010110002
010110020
010110021
010110022
010110100
010110101
010110102
010110120
010110121
010110122
010110200
010110201
010110202
010110220
010110221
010112001
010112021
010112100
010112101
010112102
010112120
010112121
010112122
010112201
010112221
010120011
010120100
010120101
010120102
010120110
010120112
010120120
010120121
010120122
010121011
010121100
010121101
010121102
010121110
010121112
010121120
010121121
010121122
010122011
010122100
010122101
010122102
010122110
010122112
010122120
010122121
010122122
010200011
010200101
010200110
010201011
010201101
010201110
010202011
010202101
010202110
010210001
010210021
010210100
010210101
010210102
010210120
010210121
010210122
010210201
010210221
010211001
010211021
010211100
010211101
010211102
010211120
010211121
010211122
010211201
010211221
010212001
010212021
010212100
010212101
010212102
010212120
010212121
010212122
010212201
010212221
010220011
010220101
010220110
010221011
010221101
010221110
011000000
011000001
011000002
011000010
011000011
011000012
011000020
011000021
011000022
011000100
011000101
011000102
011000110
011000112
011000120
011000121
011000122
011000200
011000201
011000202
011000210
011000211
011000212
011000220
011000221
011001000
011001002
011001010
011001012
011001020
011001022
011001100
011001102
011001110
011001112
011001120
011001122
011001200
011001202
011001210
011001212
011001220
011002000
011002001
011002002
011002010
011002011
011002012
011002020
011002021
011002022
011002100
011002101
011002102
011002110
011002112
011002120
011002121
011002122
011002200
011002201
011002202
011002210
011002211
011002212
011002220
011002221
011010000
011010001
011010002
011010020
011010021
011010022
011010200
011010201
011010202
011010220
011010221
011011000
011011002
011011020
011011022
011011200
011011202
011011220
011012000
011012001
011012002
011012020
011012021
011012022
011012200
011012201
011012202
011012220
011012221
011020000
011020001
011020002
011020010
011020011
011020012
011020020
011020021
011020022
011020100
011020101
011020102
011020110
011020112
011020120
011020121
011020122
011020200
011020201
011020202
011020210
011020211
011020212
011020220
011020221
011021000
011021002
011021010
011021012
011021020
011021022
011021100
011021102
011021110
011021112
011021120
011021122
011021200
011021202
011021210
011021212
011021220
011022000
011022001
011022002
011022010
011022011
011022012
011022020
011022021
011022022
011022100
011022101
011022102
011022110
011022112
011022120
011022121
011022122
011022200
011022201
011022202
011022210
011022211
011022212
011022220
011022221
011100000
011100001
011100002
011100010
011100011
011100012
011100020
011100021
011100022
011100100
011100101
011100102
011100110
011100112
011100120
011100121
011100122
011100200
011100201
011100202
011100210
011100211
011100212
011100220
011100221
011101000
011101002
011101010
011101012
011101020
011101022
011101100
011101102
011101110
011101112
011101120
011101122
011101200
011101202
011101210
011101212
011101220
011102000
011102001
011102002
011102010
011102011
011102012
011102020
011102021
011102022
011102100
011102101
011102102
011102110
011102112
011102120
011102121
011102122
011102200
011102201
011102202
011102210
011102211
011102212
011102220
011102221
011110000
011110001
011110002
011110020
011110021
011110022
011110200
011110201
011110202
011110220
011110221
011112000
011112001
011112002
011112020
011112021
011112022
011112200
011112201
011112202
011112220
011112221
011120000
011120001
011120002
011120010
011120011
011120012
011120020
011120021
011120022
011120100
011120101
011120102
011120110
011120112
011120120
011120121
011120122
011120200
011120201
011120202
011120210
011120211
011120212
011120220
011120221
011121000
011121002
011121010
011121012
011121020
011121022
011121100
011121102
011121110
011121112
011121120
011121122
011121200
011121202
011121210
011121212
011121220
011122000
011122001
011122002
011122010
011122011
011122012
011122020
011122021
011122022
011122100
011122101
011122102
011122110
011122112
011122120
011122121
011122122
011122200
011122201
011122202
011122210
011122211
011122212
011122220
011122221
011200000
011200001
011200002
011200010
011200011
011200012
011200020
011200021
011200022
011200100
011200101
011200102
011200110
011200112
011200120
011200121
011200122
011200200
011200201
011200202
011200210
011200211
011200212
011200220
011200221
011201000
011201002
011201010
011201012
011201020
011201022
011201100
011201102
011201110
011201112
011201120
011201122
011201200
011201202
011201210
011201212
011201220
011202000
011202001
011202002
011202010
011202011
011202012
011202020
011202021
011202022
011202100
011202101
011202102
011202110
011202112
011202120
011202121
011202122
011202200
011202201
011202202
011202210
011202211
011202212
011202220
011202221
011210000
011210001
011210002
011210020
011210021
011210022
011210200
011210201
011210202
011210220
011210221
011211000
011211002
011211020
011211022
011211200
011211202
011211220
011212000
011212001
011212002
011212020
011212021
011212022
011212200
011212201
011212202
011212220
011212221
011220000
011220001
011220002
011220010
011220011
011220012
011220020
011220021
011220022
011220100
011220101
011220102
011220110
011220112
011220120
011220121
011220122
011220200
011220201
011220202
011220210
011220211
011220212
011220220
011220221
011221000
011221002
011221010
011221012
011221020
011221022
011221100
011221102
011221110
011221112
011221120
011221122
011221200
011221202
011221210
011221212
011221220
012000011
012000101
012000110
012001011
012001101
012001110
012002011
012002101
012002110
012010001
012010021
012010101
012010121
012010201
012010221
012011000
012011001
012011002
012011020
012011021
012011022
012011100
012011101
012011102
012011120
012011121
012011122
012011200
012011201
012011202
012011220
012011221
012012001
012012021
012012101
012012121
012012201
012012221
012020011
012020101
012020110
012021011
012021101
012021110
012022011
012022101
012022110
012100011
012100100
012100101
012100102
012100110
012100112
012100120
012100121
012100122
012101000
012101001
012101002
012101010
012101011
012101012
012101020
012101021
012101022
012101100
012101101
012101102
012101110
012101112
012101120
012101121
012101122
012101200
012101201
012101202
012101210
012101211
012101212
012101220
012101221
012102011
012102100
012102101
012102110
012102120
012102121
012110000
012110001
012110002
012110020
012110021
012110022
012110100
012110101
012110102
012110120
012110121
012110122
012110200
012110201
012110202
012110220
012110221
012112001
012112021
012112100
012112101
012112120
012112121
012112201
012112221
012120011
012120100
012120101
012120102
012120110
012120112
012120120
012120121
012120122
012121011
012121100
012121101
012121102
012121110
012121112
012121120
012121121
012121122
012122011
012122100
012122101
012122110
012122120
012122121
012200011
012200101
012200110
012201011
012201101
012201110
012202011
012202101
012202110
012210001
012210021
012210101
012210121
012210201
012210221
012211001
012211021
012211101
012211121
012211201
012211221
012212001
012212021
012212101
012212121
012212201
012212221
012220011
012220101
012220110
012221011
012221101
012221110
020000011
020000101
020000110
020001011
020001101
020001110
020002011
020002101
020002110
020010001
020010011
020010021
020010100
020010101
020010102
020010110
020010112
020010120
020010121
020010122
020010201
020010211
020010221
020011000
020011001
020011002
020011010
020011011
020011012
020011020
020011021
020011022
020011100
020011101
020011102
020011110
020011112
020011120
020011121
020011122
020011200
020011201
020011202
020011210
020011211
020011212
020011220
020011221
020012001
020012011
020012021
020012100
020012101
020012102
020012110
020012112
020012120
020012121
020012122
020012201
020012211
020012221
020020011
020020101
020020110
020021011
020021101
020021110
020022011
020022101
020022110
020100011
020100100
020100101
020100102
020100110
020100112
020100120
020100121
020100122
020101000
020101001
020101002
020101010
020101011
020101012
020101020
020101021
020101022
020101100
020101101
020101102
020101110
020101112
020101120
020101121
020101122
020101200
020101201
020101202
020101210
020101211
020101212
020101220
020101221
020102011
020102100
020102101
020102102
020102110
020102112
020102120
020102121
020102122
020110000
020110001
020110002
020110010
020110011
020110012
020110020
020110021
020110022
020110100
020110101
020110102
020110110
020110112
020110120
020110121
020110122
020110200
020110201
020110202
020110210
020110211
020110212
020110220
020110221
020112001
020112011
020112021
020112100
020112101
020112102
020112110
020112112
020112120
020112121
020112122
020112201
020112211
020112221
020120011
020120100
020120101
020120102
020120110
020120112
020121011
020121100
020121101
020121102
020121110
020121112
020122011
020122100
020122101
020122102
020122110
020122112
020200011
020200101
020200110
020201011
020201101
020201110
020202011
020202101
020202110
020210001
020210011
020210021
020210100
020210101
020210102
020210110
020210112
020210120
020210121
020210122
020210201
020210211
020210221
020211001
020211011
020211021
020211100
020211101
020211102
020211110
020211112
020211120
020211121
020211122
020211201
020211211
020211221
020212001
020212011
020212021
020212100
020212101
020212102
020212110
020212112
020212120
020212121
020212122
020212201
020212211
020212221
020220011
020220101
020220110
020221011
020221101
020221110
021000011
021000100
021000101
021000102
021000110
021000112
021000120
021000121
021000122
021001100
021001102
021001110
021001112
021001120
021001122
021002011
021002100
021002101
021002102
021002110
021002112
021002120
021002121
021002122
021010000
021010001
021010002
021010010
021010011
021010012
021010020
021010021
021010022
021010201
021010211
021010221
021011000
021011002
021011010
021011012
021011020
021011022
021011200
021011202
021011210
021011212
021011220
021012000
021012001
021012002
021012010
021012011
021012012
021012020
021012021
021012022
021012201
021012211
021012221
021020011
021020101
021020110
021021110
021022011
021022101
021022110
021100011
021100100
021100101
021100102
021100110
021100112
021100120
021100121
021100122
021101000
021101002
021101010
021101012
021101020
021101022
021101100
021101102
021101110
021101112
021101120
021101122
021101200
021101202
021101210
021101212
021101220
021102011
021102100
021102101
021102102
021102110
021102112
021102120
021102121
021102122
021110000
021110001
021110002
021110010
021110011
021110012
021110020
021110021
021110022
021110200
021110201
021110202
021110210
021110211
021110212
021110220
021110221
021112000
021112001
021112002
021112010
021112011
021112012
021112020
021112021
021112022
021112201
021112211
021112221
021120011
021120100
021120101
021120102
021120110
021120112
021121100
021121102
021121110
021121112
021122011
021122100
021122101
021122102
021122110
021122112
021200011
021200100
021200101
021200102
021200110
021200112
021200120
021200121
021200122
021201100
021201102
021201110
021201112
021201120
021201122
021202011
021202100
021202101
021202102
021202110
021202112
021202120
021202121
021202122
021210000
021210001
021210002
021210010
021210011
021210012
021210020
021210021
021210022
021210201
021210211
021210221
021211000
021211002
021211010
021211012
021211020
021211022
021212000
021212001
021212002
021212010
021212011
021212012
021212020
021212021
021212022
021212201
021212211
021212221
021220011
021220101
021220110
021221110
022000011
022000101
022000110
022001011
022001101
022001110
022002011
022002101
022002110
022010001
022010011
022010021
022010101
022010110
022010121
022010201
022010211
022010221
022011000
022011001
022011002
022011010
022011011
022011012
022011020
022011021
022011022
022011100
022011101
022011102
022011110
022011112
022011120
022011121
022011122
022011200
022011201
022011202
022011210
022011211
022011212
022011220
022011221
022012001
022012011
022012021
022012101
022012110
022012121
022012201
022012211
022012221
022020011
022020101
022020110
022021011
022021101
022021110
022022011
022022101
022022110
022100011
022100100
022100101
022100102
022100110
022100112
022100120
022100121
022100122
022101000
022101001
022101002
022101010
022101011
022101012
022101020
022101021
022101022
022101100
022101101
022101102
022101110
022101112
022101120
022101121
022101122
022101200
022101201
022101202
022101210
022101211
022101212
022101220
022101221
022102011
022102100
022102101
022102110
022102120
022102121
022110000
022110001
022110002
022110010
022110011
022110012
022110020
022110021
022110022
022110100
022110101
022110102
022110110
022110112
022110120
022110121
022110122
022110200
022110201
022110202
022110210
022110211
022110212
022110220
022110221
022112001
022112011
022112021
022112100
022112101
022112110
022112120
022112121
022112201
022112211
022112221
022120011
022120100
022120101
022120102
022120110
022120112
022121011
022121100
022121101
022121102
022121110
022121112
022122011
022122100
022122101
022122110
022200011
022200101
022200110
022201011
022201101
022201110
022202011
022202101
022202110
022210001
022210011
022210021
022210101
022210110
022210121
022210201
022210211
022210221
022211001
022211011
022211021
022211101
022211110
022211121
022211201
022211211
022211221
022212001
022212011
022212021
022212101
022212110
022212121
022212201
022212211
022212221
022220011
022220101
022220110
022221011
022221101
022221110
100000001
100000011
100000021
100000101
100000110
100000121
100000201
100000211
100000221
100001001
100001011
100001021
100001101
100001110
100001121
100001201
100001211
100001221
100002001
100002011
100002021
100002101
100002110
100002121
100002201
100002211
100002221
100010000
100010010
100010012
100010020
100010100
100010102
100010110
100010112
100010120
100010122
100010200
100010210
100010212
100010220
100011000
100011002
100011010
100011012
100011020
100011022
100011100
100011102
100011110
100011112
100011120
100011122
100011200
100011202
100011210
100011212
100011220
100012000
100012010
100012012
100012020
100012100
100012102
100012110
100012112
100012120
100012122
100012200
100012210
100012212
100012220
100020011
100020101
100020110
100021001
100021011
100021021
100021101
100021110
100021121
100021201
100021211
100021221
100022011
100022101
100022110
100100001
100100011
100100021
100100201
100100211
100100221
100101000
100101001
100101002
100101010
100101011
100101012
100101020
100101021
100101022
100101200
100101201
100101202
100101210
100101211
100101212
100101220
100101221
100102001
100102011
100102021
100102201
100102211
100102221
100110000
100110002
100110010
100110012
100110020
100110022
100110200
100110202
100110210
100110212
100110220
100112000
100112010
100112012
100112020
100112200
100112210
100112212
100112220
100120011
100121001
100121011
100121021
100121201
100121211
100121221
100122011
100200001
100200011
100200021
100200101
100200110
100200121
100200201
100200211
100200221
100201001
100201011
100201021
100201101
100201110
100201121
100201201
100201211
100201221
100202001
100202011
100202021
100202101
100202110
100202121
100202201
100202211
100202221
100210000
100210010
100210012
100210020
100210100
100210102
100210110
100210112
100210120
100210122
100210200
100210210
100210212
100210220
100211000
100211010
100211012
100211020
100211100
100211102
100211110
100211112
100211120
100211122
100211200
100211210
100211212
100211220
100212000
100212010
100212012
100212020
100212100
100212102
100212110
100212112
100212120
100212122
100212200
100212210
100212212
100212220
100220011
100220101
100220110
100221001
100221011
100221021
100221101
100221110
100221121
100221201
100221211
100221221
101000000
101000001
101000002
101000010
101000011
101000012
101000020
101000021
101000022
101000100
101000101
101000102
101000110
101000112
101000120
101000121
101000122
101000200
101000201
101000202
101000210
101000211
101000212
101000220
101000221
101001000
101001002
101001010
101001012
101001020
101001022
101001100
101001102
101001110
101001112
101001120
101001122
101001200
101001202
101001210
101001212
101001220
101002000
101002001
101002002
101002010
101002011
101002012
101002020
101002021
101002022
101002100
101002101
101002102
101002110
101002112
101002120
101002121
101002122
101002200
101002201
101002202
101002210
101002211
101002212
101002220
101002221
101010000
101010002
101010010
101010012
101010020
101010022
101010200
101010202
101010210
101010212
101010220
101011000
101011002
101011010
101011012
101011020
101011022
101011200
101011202
101011210
101011212
101011220
101012000
101012002
101012010
101012012
101012020
101012022
101012200
101012202
101012210
101012212
101012220
101020000
101020001
101020002
101020010
101020011
101020012
101020020
101020021
101020022
101020100
101020101
101020102
101020110
101020112
101020120
101020121
101020122
101020200
101020201
101020202
101020210
101020211
101020212
101020220
101020221
101021000
101021002
101021010
101021012
101021020
101021022
101021100
101021102
101021110
101021112
101021120
101021122
101021200
101021202
101021210
101021212
101021220
101022000
101022001
101022002
101022010
101022011
101022012
101022020
101022021
101022022
101022100
101022101
101022102
101022110
101022112
101022120
101022121
101022122
101022200
101022201
101022202
101022210
101022211
101022212
101022220
101022221
101100000
101100001
101100002
101100010
101100011
101100012
101100020
101100021
101100022
101100200
101100201
101100202
101100210
101100211
101100212
101100220
101100221
101101000
101101002
101101010
101101012
101101020
101101022
101101200
101101202
101101210
101101212
101101220
101102000
101102001
101102002
101102010
101102011
101102012
101102020
101102021
101102022
101102200
101102201
101102202
101102210
101102211
101102212
101102220
101102221
101110000
101110002
101110010
101110012
101110020
101110022
101110200
101110202
101110210
101110212
101110220
101112000
101112002
101112010
101112012
101112020
101112022
101112200
101112202
101112210
101112212
101112220
101120000
101120001
101120002
101120010
101120011
101120012
101120020
101120021
101120022
101120200
101120201
101120202
101120210
101120211
101120212
101120220
101120221
101121000
101121002
101121010
101121012
101121020
101121022
101121200
101121202
101121210
101121212
101121220
101122000
101122001
101122002
101122010
101122011
101122012
101122020
101122021
101122022
101122200
101122201
101122202
101122210
101122211
101122212
101122220
101122221
101200000
101200001
101200002
101200010
101200011
101200012
101200020
101200021
101200022
101200100
101200101
101200102
101200110
101200112
101200120
101200121
101200122
101200200
101200201
101200202
101200210
101200211
101200212
101200220
101200221
101201000
101201002
101201010
101201012
101201020
101201022
101201100
101201102
101201110
101201112
101201120
101201122
101201200
101201202
101201210
101201212
101201220
101202000
101202001
101202002
101202010
101202011
101202012
101202020
101202021
101202022
101202100
101202101
101202102
101202110
101202112
101202120
101202121
101202122
101202200
101202201
101202202
101202210
101202211
101202212
101202220
101202221
101210000
101210002
101210010
101210012
101210020
101210022
101210200
101210202
101210210
101210212
101210220
101211000
101211002
101211010
101211012
101211020
101211022
101211200
101211202
101211210
101211212
101211220
101212000
101212002
101212010
101212012
101212020
101212022
101212200
101212202
101212210
101212212
101212220
101220000
101220001
101220002
101220010
101220011
101220012
101220020
101220021
101220022
101220100
101220101
101220102
101220110
101220112
101220120
101220121
101220122
101220200
101220201
101220202
101220210
101220211
101220212
101220220
101220221
101221000
101221002
101221010
101221012
101221020
101221022
101221100
101221102
101221110
101221112
101221120
101221122
101221200
101221202
101221210
101221212
101221220
102000001
102000011
102000021
102000101
102000110
102000121
102000201
102000211
102000221
102001001
102001011
102001021
102001101
102001110
102001121
102001201
102001211
102001221
102002001
102002011
102002021
102002101
102002110
102002121
102002201
102002211
102002221
102010000
102010010
102010012
102010020
102010100
102010110
102010112
102010120
102010200
102010210
102010212
102010220
102011000
102011002
102011010
102011012
102011020
102011022
102011100
102011102
102011110
102011112
102011120
102011122
102011200
102011202
102011210
102011212
102011220
102012000
102012010
102012020
102012100
102012110
102012120
102012200
102012210
102012220
102020011
102020101
102020110
102021001
102021011
102021021
102021101
102021110
102021121
102022011
102022101
102022110
102100001
102100011
102100021
102100201
102100211
102100221
102101000
102101001
102101002
102101010
102101011
102101012
102101020
102101021
102101022
102101200
102101201
102101202
102101210
102101211
102101212
102101220
102101221
102102001
102102011
102102021
102102201
102102211
102102221
102110000
102110002
102110010
102110012
102110020
102110022
102110200
102110202
102110210
102110212
102110220
102112000
102112010
102112020
102112200
102112210
102112220
102120011
102121001
102121011
102121021
102122011
102200001
102200011
102200021
102200101
102200110
102200121
102200201
102200211
102200221
102201001
102201011
102201021
102201101
102201110
102201121
102201201
102201211
102201221
102202001
102202011
102202021
102202101
102202110
102202121
102202201
102202211
102202221
102210000
102210010
102210012
102210020
102210100
102210110
102210112
102210120
102210200
102210210
102210212
102210220
102211000
102211010
102211012
102211020
102211100
102211110
102211112
102211120
102211200
102211210
102211212
102211220
102212000
102212010
102212020
102212100
102212110
102212120
102212200
102212210
102212220
102220011
102220101
102220110
102221001
102221011
102221021
102221101
102221110
102221121
110000000
110000001
110000002
110000010
110000011
110000012
110000020
110000021
110000022
110000100
110000101
110000102
110000110
110000112
110000120
110000121
110000122
110000200
110000201
110000202
110000210
110000211
110000212
110000220
110000221
110001000
110001001
110001002
110001010
110001011
110001012
110001020
110001021
110001022
110001100
110001101
110001102
110001110
110001112
110001120
110001121
110001122
110001200
110001201
110001202
110001210
110001211
110001212
110001220
110001221
110002000
110002001
110002002
110002010
110002011
110002012
110002020
110002021
110002022
110002100
110002101
110002102
110002110
110002112
110002120
110002121
110002122
110002200
110002201
110002202
110002210
110002211
110002212
110002220
110002221
110010000
110010002
110010020
110010022
110010100
110010102
110010120
110010122
110010200
110010202
110010220
110011000
110011002
110011020
110011022
110011100
110011102
110011120
110011122
110011200
110011202
110011220
110012000
110012002
110012020
110012022
110012100
110012102
110012120
110012122
110012200
110012202
110012220
110020000
110020001
110020002
110020010
110020011
110020012
110020020
110020021
110020022
110020100
110020101
110020102
110020110
110020112
110020120
110020121
110020122
110020200
110020201
110020202
110020210
110020211
110020212
110020220
110020221
110021000
110021001
110021002
110021010
110021011
110021012
110021020
110021021
110021022
110021100
110021101
110021102
110021110
110021112
110021120
110021121
110021122
110021200
110021201
110021202
110021210
110021211
110021212
110021220
110021221
110022000
110022001
110022002
110022010
110022011
110022012
110022020
110022021
110022022
110022100
110022101
110022102
110022110
110022112
110022120
110022121
110022122
110022200
110022201
110022202
110022210
110022211
110022212
110022220
110022221
110100000
110100001
110100002
110100010
110100011
110100012
110100020
110100021
110100022
110100200
110100201
110100202
110100210
110100211
110100212
110100220
110100221
110101000
110101001
110101002
110101010
110101011
110101012
110101020
110101021
110101022
110101200
110101201
110101202
110101210
110101211
110101212
110101220
110101221
110102000
110102001
110102002
110102010
110102011
110102012
110102020
110102021
110102022
110102200
110102201
110102202
110102210
110102211
110102212
110102220
110102221
110110000
110110002
110110020
110110022
110110200
110110202
110110220
110112000
110112002
110112020
110112022
110112200
110112202
110112220
110120000
110120001
110120002
110120010
110120011
110120012
110120020
110120021
110120022
110120200
110120201
110120202
110120210
110120211
110120212
110120220
110120221
110121000
110121001
110121002
110121010
110121011
110121012
110121020
110121021
110121022
110121200
110121201
110121202
110121210
110121211
110121212
110121220
110121221
110122000
110122001
110122002
110122010
110122011
110122012
110122020
110122021
110122022
110122200
110122201
110122202
110122210
110122211
110122212
110122220
110122221
110200000
110200001
110200002
110200010
110200011
110200012
110200020
110200021
110200022
110200100
110200101
110200102
110200110
110200112
110200120
110200121
110200122
110200200
110200201
110200202
110200210
110200211
110200212
110200220
110200221
110201000
110201001
110201002
110201010
110201011
110201012
110201020
110201021
110201022
110201100
110201101
110201102
110201110
110201112
110201120
110201121
110201122
110201200
110201201
110201202
110201210
110201211
110201212
110201220
110201221
110202000
110202001
110202002
110202010
110202011
110202012
110202020
110202021
110202022
110202100
110202101
110202102
110202110
110202112
110202120
110202121
110202122
110202200
110202201
110202202
110202210
110202211
110202212
110202220
110202221
110210000
110210002
110210020
110210022
110210100
110210102
110210120
110210122
110210200
110210202
110210220
110211000
110211002
110211020
110211022
110211100
110211102
110211120
110211122
110211200
110211202
110211220
110212000
110212002
110212020
110212022
110212100
110212102
110212120
110212122
110212200
110212202
110212220
110220000
110220001
110220002
110220010
110220011
110220012
110220020
110220021
110220022
110220100
110220101
110220102
110220110
110220112
110220120
110220121
110220122
110220200
110220201
110220202
110220210
110220211
110220212
110220220
110220221
110221000
110221001
110221002
110221010
110221011
110221012
110221020
110221021
110221022
110221100
110221101
110221102
110221110
110221112
110221120
110221121
110221122
110221200
110221201
110221202
110221210
110221211
110221212
110221220
110221221
112000001
112000011
112000021
112000101
112000110
112000121
112000201
112000211
112000221
112001001
112001011
112001021
112001101
112001110
112001121
112001201
112001211
112001221
112002001
112002011
112002021
112002101
112002110
112002121
112002201
112002211
112002221
112010000
112010020
112010100
112010120
112010200
112010220
112011000
112011002
112011020
112011022
112011100
112011102
112011120
112011122
112011200
112011202
112011220
112012000
112012020
112012100
112012120
112012200
112012220
112020011
112020101
112020110
112021011
112021101
112021110
112022011
112022101
112022110
112100001
112100011
112100021
112100201
112100211
112100221
112101000
112101001
112101002
112101010
112101011
112101012
112101020
112101021
112101022
112101200
112101201
112101202
112101210
112101211
112101212
112101220
112101221
112102001
112102011
112102021
112102201
112102211
112102221
112110000
112110002
112110020
112110022
112110200
112110202
112110220
112112000
112112020
112112200
112112220
112120011
112121011
112122011
112200001
112200011
112200021
112200101
112200110
112200121
112200201
112200211
112200221
112201001
112201011
112201021
112201101
112201110
112201121
112201201
112201211
112201221
112202001
112202011
112202021
112202101
112202110
112202121
112202201
112202211
112202221
112210000
112210020
112210100
112210120
112210200
112210220
112211000
112211020
112211100
112211120
112211200
112211220
112212000
112212020
112212100
112212120
112212200
112212220
112220011
112220101
112220110
112221011
112221101
112221110
120000001
120000011
120000021
120000101
120000110
120000121
120000201
120000211
120000221
120001001
120001011
120001021
120001101
120001110
120001121
120001201
120001211
120001221
120002001
120002011
120002021
120002101
120002110
120002121
120002201
120002211
120002221
120010000
120010010
120010020
120010100
120010102
120010110
120010112
120010120
120010122
120010200
120010210
120010220
120011000
120011002
120011010
120011012
120011020
120011022
120011100
120011102
120011110
120011112
120011120
120011122
120011200
120011202
120011210
120011212
120011220
120012000
120012010
120012020
120012100
120012102
120012110
120012112
120012120
120012122
120012200
120012210
120012220
120020011
120020101
120020110
120021011
120021101
120021110
120022011
120022101
120022110
120100001
120100011
120100021
120100201
120100211
120100221
120101000
120101001
120101002
120101010
120101011
120101012
120101020
120101021
120101022
120101200
120101201
120101202
120101210
120101211
120101212
120101220
120101221
120102001
120102011
120102021
120102201
120102211
120102221
120110000
120110002
120110010
120110012
120110020
120110022
120110200
120110202
120110210
120110212
120110220
120112000
120112010
120112020
120112200
120112210
120112220
120120011
120121011
120122011
120200001
120200011
120200021
120200101
120200110
120200121
120200201
120200211
120200221
120201001
120201011
120201021
120201101
120201110
120201121
120201201
120201211
120201221
120202001
120202011
120202021
120202101
120202110
120202121
120202201
120202211
120202221
120210000
120210010
120210020
120210100
120210102
120210110
120210112
120210120
120210122
120210200
120210210
120210220
120211000
120211010
120211020
120211100
120211102
120211110
120211112
120211120
120211122
120211200
120211210
120211220
120212000
120212010
120212020
120212100
120212102
120212110
120212112
120212120
120212122
120212200
120212210
120212220
120220011
120220101
120220110
120221011
120221101
120221110
121000001
121000011
121000021
121000100
121000101
121000102
121000110
121000112
121000120
121000121
121000122
121000201
121000211
121000221
121001100
121001102
121001110
121001112
121001120
121001122
121002001
121002011
121002021
121002100
121002101
121002102
121002110
121002112
121002120
121002121
121002122
121002201
121002211
121002221
121010000
121010002
121010010
121010012
121010020
121010022
121010200
121010210
121010220
121011000
121011002
121011010
121011012
121011020
121011022
121011200
121011202
121011210
121011212
121011220
121012000
121012002
121012010
121012012
121012020
121012022
121012200
121012210
121012220
121020011
121020101
121020110
121021110
121022011
121022101
121022110
121100001
121100011
121100021
121100201
121100211
121100221
121101000
121101002
121101010
121101012
121101020
121101022
121101200
121101202
121101210
121101212
121101220
121102001
121102011
121102021
121102201
121102211
121102221
121110000
121110002
121110010
121110012
121110020
121110022
121110200
121110202
121110210
121110212
121110220
121112000
121112002
121112010
121112012
121112020
121112022
121112200
121112210
121112220
121120011
121122011
121200001
121200011
121200021
121200100
121200101
121200102
121200110
121200112
121200120
121200121
121200122
121200201
121200211
121200221
121201100
121201102
121201110
121201112
121201120
121201122
121202001
121202011
121202021
121202100
121202101
121202102
121202110
121202112
121202120
121202121
121202122
121202201
121202211
121202221
121210000
121210002
121210010
121210012
121210020
121210022
121210200
121210210
121210220
121211000
121211002
121211010
121211012
121211020
121211022
121211200
121211210
121211220
121212000
121212002
121212010
121212012
121212020
121212022
121212200
121212210
121212220
121220011
121220101
121220110
121221110
122000001
122000011
122000021
122000101
122000110
122000121
122000201
122000211
122000221
122001001
122001011
122001021
122001101
122001110
122001121
122001201
122001211
122001221
122002001
122002011
122002021
122002101
122002110
122002121
122002201
122002211
122002221
122010000
122010010
122010020
122010100
122010110
122010120
122010200
122010210
122010220
122011000
122011002
122011010
122011012
122011020
122011022
122011100
122011102
122011110
122011112
122011120
122011122
122011200
122011202
122011210
122011212
122011220
122012000
122012010
122012020
122012100
122012110
122012120
122012200
122012210
122012220
122020011
122020101
122020110
122021011
122021101
122021110
122022011
122022101
122022110
122100001
122100011
122100021
122100201
122100211
122100221
122101000
122101001
122101002
122101010
122101011
122101012
122101020
122101021
122101022
122101200
122101201
122101202
122101210
122101211
122101212
122101220
122101221
122102001
122102011
122102021
122102201
122102211
122102221
122110000
122110002
122110010
122110012
122110020
122110022
122110200
122110202
122110210
122110212
122110220
122112000
122112010
122112020
122112200
122112210
122112220
122120011
122121011
122122011
122200001
122200011
122200021
122200101
122200110
122200121
122200201
122200211
122200221
122201001
122201011
122201021
122201101
122201110
122201121
122201201
122201211
122201221
122202001
122202011
122202021
122202101
122202110
122202121
122202201
122202211
122202221
122210000
122210010
122210020
122210100
122210110
122210120
122210200
122210210
122210220
122211000
122211010
122211020
122211100
122211110
122211120
122211200
122211210
122211220
122212000
122212010
122212020
122212100
122212110
122212120
122212200
122212210
122212220
122220011
122220101
122220110
122221011
122221101
122221110
200000011
200000101
200000110
200001001
200001011
200001021
200001101
200001110
200001121
200001201
200001211
200001221
200002011
200002101
200002110
200010010
200010011
200010012
200010100
200010101
200010102
200010110
200010112
200010120
200010121
200010122
200010210
200010211
200010212
200011000
200011001
200011002
200011010
200011011
200011012
200011020
200011021
200011022
200011100
200011101
200011102
200011110
200011112
200011120
200011121
200011122
200011200
200011201
200011202
200011210
200011211
200011212
200011220
200011221
200012010
200012011
200012012
200012100
200012101
200012102
200012110
200012112
200012120
200012121
200012122
200012210
200012211
200012212
200020011
200020101
200020110
200021001
200021011
200021021
200021101
200021110
200021121
200021201
200021211
200021221
200022011
200022101
200022110
200100011
200100101
200100110
200101000
200101001
200101002
200101010
200101011
200101012
200101020
200101021
200101022
200101100
200101101
200101102
200101110
200101112
200101120
200101121
200101122
200101200
200101201
200101202
200101210
200101211
200101212
200101220
200101221
200102011
200102101
200102110
200110000
200110001
200110002
200110010
200110011
200110012
200110020
200110021
200110022
200110100
200110101
200110102
200110110
200110112
200110120
200110121
200110122
200110200
200110201
200110202
200110210
200110211
200110212
200110220
200110221
200112010
200112011
200112012
200112100
200112101
200112102
200112110
200112112
200112120
200112121
200112122
200112210
200112211
200112212
200120011
200120101
200120110
200121001
200121011
200121021
200121101
200121110
200121121
200121201
200121211
200121221
200122011
200122101
200122110
200200011
200200101
200200110
200201001
200201011
200201021
200201101
200201110
200201121
200202011
200202101
200202110
200210010
200210011
200210012
200210100
200210101
200210102
200210110
200210112
200210120
200210121
200210122
200211001
200211010
200211011
200211012
200211021
200211100
200211101
200211102
200211110
200211112
200211120
200211121
200211122
200212010
200212011
200212012
200212100
200212101
200212102
200212110
200212112
200212120
200212121
200212122
200220011
200220101
200220110
200221001
200221011
200221021
200221101
200221110
200221121
201000001
201000011
201000021
201000100
201000101
201000102
201000110
201000112
201000120
201000121
201000122
201000201
201000211
201000221
201001000
201001002
201001010
201001012
201001020
201001022
201001100
201001102
201001110
201001112
201001120
201001122
201001200
201001202
201001210
201001212
201001220
201002001
201002011
201002021
201002100
201002101
201002102
201002110
201002112
201002120
201002121
201002122
201002201
201002211
201002221
201010000
201010001
201010002
201010010
201010011
201010012
201010020
201010021
201010022
201010201
201010210
201010211
201010212
201010221
201011000
201011002
201011010
201011012
201011020
201011022
201011200
201011202
201011210
201011212
201011220
201012000
201012001
201012002
201012010
201012011
201012012
201012020
201012021
201012022
201012201
201012210
201012211
201012212
201012221
201020001
201020011
201020021
201020101
201020110
201020121
201020201
201020211
201020221
201021000
201021010
201021020
201021100
201021110
201021120
201021200
201021210
201021220
201022001
201022011
201022021
201022101
201022110
201022121
201022201
201022211
201022221
201100001
201100011
201100021
201100100
201100101
201100102
201100110
201100112
201100120
201100121
201100122
201100201
201100211
201100221
201101000
201101002
201101010
201101012
201101020
201101022
201101100
201101102
201101110
201101112
201101120
201101122
201101200
201101202
201101210
201101212
201101220
201102001
201102011
201102021
201102100
201102101
201102102
201102110
201102112
201102120
201102121
201102122
201102201
201102211
201102221
201110000
201110001
201110002
201110010
201110011
201110012
201110020
201110021
201110022
201110200
201110201
201110202
201110210
201110211
201110212
201110220
201110221
201112000
201112001
201112002
201112010
201112011
201112012
201112020
201112021
201112022
201112201
201112210
201112211
201112212
201112221
201120001
201120011
201120021
201120101
201120110
201120121
201120201
201120211
201120221
201121000
201121010
201121020
201121100
201121110
201121120
201121200
201121210
201121220
201122001
201122011
201122021
201122101
201122110
201122121
201122201
201122211
201122221
201200001
201200011
201200021
201200100
201200101
201200102
201200110
201200112
201200120
201200121
201200122
201201000
201201002
201201010
201201012
201201020
201201022
201201100
201201102
201201110
201201112
201201120
201201122
201202001
201202011
201202021
201202100
201202101
201202102
201202110
201202112
201202120
201202121
201202122
201210000
201210001
201210002
201210010
201210011
201210012
201210020
201210021
201210022
201211000
201211002
201211010
201211012
201211020
201211022
201212000
201212001
201212002
201212010
201212011
201212012
201212020
201212021
201212022
201220001
201220011
201220021
201220101
201220110
201220121
201221000
201221010
201221020
201221100
201221110
201221120
202000011
202000101
202000110
202001001
202001011
202001021
202001101
202001110
202001121
202001201
202001211
202001221
202002011
202002101
202002110
202010010
202010011
202010012
202010101
202010110
202010112
202010210
202010211
202010212
202011000
202011001
202011002
202011010
202011011
202011012
202011020
202011021
202011022
202011100
202011101
202011102
202011110
202011112
202011120
202011121
202011122
202011200
202011201
202011202
202011210
202011211
202011212
202011220
202011221
202012010
202012011
202012101
202012110
202012210
202012211
202020011
202020101
202020110
202021001
202021011
202021021
202021101
202021110
202021121
202022011
202022101
202022110
202100011
202100101
202100110
202101000
202101001
202101002
202101010
202101011
202101012
202101020
202101021
202101022
202101100
202101101
202101102
202101110
202101112
202101120
202101121
202101122
202101200
202101201
202101202
202101210
202101211
202101212
202101220
202101221
202102011
202102101
202102110
202110000
202110001
202110002
202110010
202110011
202110012
202110020
202110021
202110022
202110100
202110101
202110102
202110110
202110112
202110120
202110121
202110122
202110200
202110201
202110202
202110210
202110211
202110212
202110220
202110221
202112010
202112011
202112101
202112110
202112210
202112211
202120011
202120101
202120110
202121001
202121011
202121021
202121101
202121110
202121121
202122011
202122101
202122110
202200011
202200101
202200110
202201001
202201011
202201021
202201101
202201110
202201121
202202011
202202101
202202110
202210010
202210011
202210012
202210101
202210110
202210112
202211001
202211010
202211011
202211012
202211021
202211101
202211110
202211112
202211121
202212010
202212011
202212101
202212110
202220011
202220101
202220110
202221001
202221011
202221021
202221101
202221110
202221121
210000011
210000101
210000110
210001011
210001101
210001110
210002011
210002101
210002110
210010100
210010101
210010102
210010120
210010121
210010122
210011000
210011001
210011002
210011020
210011021
210011022
210011100
210011101
210011102
210011120
210011121
210011122
210011200
210011201
210011202
210011220
210011221
210012100
210012101
210012102
210012120
210012121
210012122
210020011
210020101
210020110
210021011
210021101
210021110
210022011
210022101
210022110
210100011
210100101
210100110
210101000
210101001
210101002
210101010
210101011
210101012
210101020
210101021
210101022
210101100
210101101
210101102
210101110
210101112
210101120
210101121
210101122
210101200
210101201
210101202
210101210
210101211
210101212
210101220
210101221
210102011
210102101
210102110
210110000
210110001
210110002
210110020
210110021
210110022
210110100
210110101
210110102
210110120
210110121
210110122
210110200
210110201
210110202
210110220
210110221
210112100
210112101
210112102
210112120
210112121
210112122
210120011
210120101
210120110
210121011
210121101
210121110
210122011
210122101
210122110
210200011
210200101
210200110
210201011
210201101
210201110
210202011
210202101
210202110
210210100
210210101
210210102
210210120
210210121
210210122
210211100
210211101
210211102
210211120
210211121
210211122
210212100
210212101
210212102
210212120
210212121
210212122
210220011
210220101
210220110
210221011
210221101
210221110
211000011
211000100
211000101
211000102
211000110
211000112
211000120
211000121
211000122
211001100
211001102
211001110
211001112
211001120
211001122
211002011
211002100
211002101
211002102
211002110
211002112
211002120
211002121
211002122
211010000
211010001
211010002
211010020
211010021
211010022
211011000
211011002
211011020
211011022
211011200
211011202
211011220
211012000
211012001
211012002
211012020
211012021
211012022
211020011
211020101
211020110
211021110
211022011
211022101
211022110
211100011
211100100
211100101
211100102
211100110
211100112
211100120
211100121
211100122
211101000
211101002
211101010
211101012
211101020
211101022
211101100
211101102
211101110
211101112
211101120
211101122
211101200
211101202
211101210
211101212
211101220
211102011
211102100
211102101
211102102
211102110
211102112
211102120
211102121
211102122
211110000
211110001
211110002
211110020
211110021
211110022
211110200
211110201
211110202
211110220
211110221
211112000
211112001
211112002
211112020
211112021
211112022
211120011
211120101
211120110
211121110
211122011
211122101
211122110
211200011
211200100
211200101
211200102
211200110
211200112
211200120
211200121
211200122
211201100
211201102
211201110
211201112
211201120
211201122
211202011
211202100
211202101
211202102
211202110
211202112
211202120
211202121
211202122
211210000
211210001
211210002
211210020
211210021
211210022
211211000
211211002
211211020
211211022
211212000
211212001
211212002
211212020
211212021
211212022
211220011
211220101
211220110
211221110
212000011
212000101
212000110
212001011
212001101
212001110
212002011
212002101
212002110
212010101
212011000
212011001
212011002
212011020
212011021
212011022
212011100
212011101
212011102
212011120
212011121
212011122
212011200
212011201
212011202
212011220
212011221
212012101
212020011
212020101
212020110
212021011
212021101
212021110
212022011
212022101
212022110
212100011
212100101
212100110
212101000
212101001
212101002
212101010
212101011
212101012
212101020
212101021
212101022
212101100
212101101
212101102
212101110
212101112
212101120
212101121
212101122
212101200
212101201
212101202
212101210
212101211
212101212
212101220
212101221
212102011
212102101
212102110
212110000
212110001
212110002
212110020
212110021
212110022
212110100
212110101
212110102
212110120
212110121
212110122
212110200
212110201
212110202
212110220
212110221
212112101
212120011
212120101
212120110
212121011
212121101
212121110
212122011
212122101
212122110
212200011
212200101
212200110
212201011
212201101
212201110
212202011
212202101
212202110
212210101
212211101
212212101
212220011
212220101
212220110
212221011
212221101
212221110
220000011
220000101
220000110
220001011
220001101
220001110
220002011
220002101
220002110
220010011
220010100
220010101
220010102
220010110
220010112
220010120
220010121
220010122
220011000
220011001
220011002
220011010
220011011
220011012
220011020
220011021
220011022
220011100
220011101
220011102
220011110
220011112
220011120
220011121
220011122
220011200
220011201
220011202
220011210
220011211
220011212
220011220
220011221
220012011
220012100
220012101
220012102
220012110
220012112
220012120
220012121
220012122
220020011
220020101
220020110
220021011
220021101
220021110
220022011
220022101
220022110
220100011
220100101
220100110
220101000
220101001
220101002
220101010
220101011
220101012
220101020
220101021
220101022
220101100
220101101
220101102
220101110
220101112
220101120
220101121
220101122
220101200
220101201
220101202
220101210
220101211
220101212
220101220
220101221
220102011
220102101
220102110
220110000
220110001
220110002
220110010
220110011
220110012
220110020
220110021
220110022
220110100
220110101
220110102
220110110
220110112
220110120
220110121
220110122
220110200
220110201
220110202
220110210
220110211
220110212
220110220
220110221
220112011
220112100
220112101
220112102
220112110
220112112
220112120
220112121
220112122
220120011
220120101
220120110
220121011
220121101
220121110
220122011
220122101
220122110
220200011
220200101
220200110
220201011
220201101
220201110
220202011
220202101
220202110
220210011
220210100
220210101
220210102
220210110
220210112
220210120
220210121
220210122
220211011
220211100
220211101
220211102
220211110
220211112
220211120
220211121
220211122
220212011
220212100
220212101
220212102
220212110
220212112
220212120
220212121
220212122
220220011
220220101
220220110
220221011
220221101
220221110
221000011
221000100
221000101
221000102
221000110
221000112
221000120
221000121
221000122
221001100
221001102
221001110
221001112
221001120
221001122
221002011
221002100
221002101
221002102
221002110
221002112
221002120
221002121
221002122
221010000
221010001
221010002
221010010
221010011
221010012
221010020
221010021
221010022
221011000
221011002
221011010
221011012
221011020
221011022
221011200
221011202
221011210
221011212
221011220
221012000
221012001
221012002
221012010
221012011
221012012
221012020
221012021
221012022
221020011
221020101
221020110
221021110
221022011
221022101
221022110
221100011
221100100
221100101
221100102
221100110
221100112
221100120
221100121
221100122
221101000
221101002
221101010
221101012
221101020
221101022
221101100
221101102
221101110
221101112
221101120
221101122
221101200
221101202
221101210
221101212
221101220
221102011
221102100
221102101
221102102
221102110
221102112
221102120
221102121
221102122
221110000
221110001
221110002
221110010
221110011
221110012
221110020
221110021
221110022
221110200
221110201
221110202
221110210
221110211
221110212
221110220
221110221
221112000
221112001
221112002
221112010
221112011
221112012
221112020
221112021
221112022
221120011
221120101
221120110
221121110
221122011
221122101
221122110
221200011
221200100
221200101
221200102
221200110
221200112
221200120
221200121
221200122
221201100
221201102
221201110
221201112
221201120
221201122
221202011
221202100
221202101
221202102
221202110
221202112
221202120
221202121
221202122
221210000
221210001
221210002
221210010
221210011
221210012
221210020
221210021
221210022
221211000
221211002
221211010
221211012
221211020
221211022
221212000
221212001
221212002
221212010
221212011
221212012
221212020
221212021
221212022
221220011
221220101
221220110
221221110