[
    ('000000000', [
        [[1, 0, 0, 0, 0, 0, 0, 0, 0], 0], *
        [[0, 1, 0, 0, 0, 0, 0, 0, 0], 0], 
        [[0, 0, 1, 0, 0, 0, 0, 0, 0], 0], 
        [[0, 0, 0, 1, 0, 0, 0, 0, 0], 0], 
        [[0, 0, 0, 0, 1, 0, 0, 0, 0], 0], 
        [[0, 0, 0, 0, 0, 1, 0, 0, 0], 0], 
        [[0, 0, 0, 0, 0, 0, 1, 0, 0], 0], 
        [[0, 0, 0, 0, 0, 0, 0, 1, 0], 0], 
        [[0, 0, 0, 0, 0, 0, 0, 0, 1], 0]
    ]), 
    '120000000', 
    ('120000000', [
        [[1, 2, 1, 0, 0, 0, 0, 0, 0], 0], 
        [[1, 2, 0, 1, 0, 0, 0, 0, 0], 1], *
        [[1, 2, 0, 0, 1, 0, 0, 0, 0], 1], 
        [[1, 2, 0, 0, 0, 1, 0, 0, 0], 0], 
        [[1, 2, 0, 0, 0, 0, 1, 0, 0], 1], 
        [[1, 2, 0, 0, 0, 0, 0, 1, 0], 0], 
        [[1, 2, 0, 0, 0, 0, 0, 0, 1], 0]
    ]), 
    '122100000', 
    ('122100000', [
        [[1, 2, 2, 1, 1, 0, 0, 0, 0], 1], *
        [[1, 2, 2, 1, 0, 1, 0, 0, 0], 1], 
        [[1, 2, 2, 1, 0, 0, 1, 0, 0], 1], 
        [[1, 2, 2, 1, 0, 0, 0, 1, 0], 1], 
        [[1, 2, 2, 1, 0, 0, 0, 0, 1], 1]
    ]), 
    '122112000', 
    ('122112000', [
        [[1, 2, 2, 1, 1, 2, 1, 0, 0], 1], *
        [[1, 2, 2, 1, 1, 2, 0, 1, 0], -1], 
        [[1, 2, 2, 1, 1, 2, 0, 0, 1], 1]
    ])
]
[
    '100000000', 
    ('100000000', [
        [[1, 2, 0, 0, 0, 0, 0, 0, 0], 1], *
        [[1, 0, 2, 0, 0, 0, 0, 0, 0], 0], 
        [[1, 0, 0, 2, 0, 0, 0, 0, 0], 1], 
        [[1, 0, 0, 0, 2, 0, 0, 0, 0], 0], 
        [[1, 0, 0, 0, 0, 2, 0, 0, 0], 1], 
        [[1, 0, 0, 0, 0, 0, 2, 0, 0], 0], 
        [[1, 0, 0, 0, 0, 0, 0, 2, 0], 1], 
        [[1, 0, 0, 0, 0, 0, 0, 0, 2], 0]
    ]), 
    '121000000', 
    ('121000000', [
        [[1, 2, 1, 2, 0, 0, 0, 0, 0], 1], *
        [[1, 2, 1, 0, 2, 0, 0, 0, 0], 0], 
        [[1, 2, 1, 0, 0, 2, 0, 0, 0], 1], 
        [[1, 2, 1, 0, 0, 0, 2, 0, 0], 0], 
        [[1, 2, 1, 0, 0, 0, 0, 2, 0], 1], 
        [[1, 2, 1, 0, 0, 0, 0, 0, 2], 0]
    ]), 
    '121210000', 
    ('121210000', [
        [[1, 2, 1, 2, 1, 2, 0, 0, 0], 1], *
        [[1, 2, 1, 2, 1, 0, 2, 0, 0], 1], 
        [[1, 2, 1, 2, 1, 0, 0, 2, 0], 1], 
        [[1, 2, 1, 2, 1, 0, 0, 0, 2], 1]
    ]), 
    '121212100'
]