(win-lose)/(win+lose)

[
    ('010000000', 
        [[[1, 0, 0, 0, 0, 0, 0, 0, 0], -14652.0], 
        [[0, 1, 0, 0, 0, 0, 0, 0, 0], -14232.0], 
        [[0, 0, 1, 0, 0, 0, 0, 0, 0], -14652.0], 
        [[0, 0, 0, 1, 0, 0, 0, 0, 0], -14232.0], 
        [[0, 0, 0, 0, 1, 0, 0, 0, 0], -15648.0],
        [[0, 0, 0, 0, 0, 1, 0, 0, 0], -14232.0],
        [[0, 0, 0, 0, 0, 0, 1, 0, 0], -14652.0], 
        [[0, 0, 0, 0, 0, 0, 0, 1, 0], -14232.0], 
        [[0, 0, 0, 0, 0, 0, 0, 0, 1], -14652.0]]
    ), 
    ('210000010', 
        [[[2, 1, 1, 0, 0, 0, 0, 0, 0], -220.0], 
        [[2, 1, 0, 1, 0, 0, 0, 0, 0], -264.0], 
        [[2, 1, 0, 0, 1, 0, 0, 0, 0], -275.0], 
        [[2, 1, 0, 0, 0, 1, 0, 0, 0], -268.0],
        [[2, 1, 0, 0, 0, 0, 1, 0, 0], -312.0], 
        [[2, 1, 0, 0, 0, 0, 0, 1, 0], -191.0], 
        [[2, 1, 0, 0, 0, 0, 0, 0, 1], -268.0]]
    ), 
    ('212010010', 
        [[[2, 1, 2, 1, 0, 0, 0, 1, 0], -11.0], 
        [[2, 1, 2, 0, 1, 0, 0, 1, 0], -1.0], 
        [[2, 1, 2, 0, 0, 1, 0, 1, 0], -11.0], 
        [[2, 1, 2, 0, 0, 0, 1, 1, 0], -12.0], 
        [[2, 1, 2, 0, 0, 0, 0, 1, 1], -12.0]]
    )
]
[
    ('100020000', 
        [[[1, 2, 0, 0, 0, 0, 0, 0, 0], -2048.0], 
        [[1, 0, 2, 0, 0, 0, 0, 0, 0], -1832.0], 
        [[1, 0, 0, 2, 0, 0, 0, 0, 0], -2048.0], 
        [[1, 0, 0, 0, 2, 0, 0, 0, 0], -1436.0], 
        [[1, 0, 0, 0, 0, 2, 0, 0, 0], -1902.0], 
        [[1, 0, 0, 0, 0, 0, 2, 0, 0], -1832.0], 
        [[1, 0, 0, 0, 0, 0, 0, 2, 0], -1902.0], 
        [[1, 0, 0, 0, 0, 0, 0, 0, 2], -1652.0]]
    ), 
    ('112020000', 
        [[[1, 1, 2, 0, 2, 0, 0, 0, 0], -22.0], 
        [[1, 1, 0, 2, 2, 0, 0, 0, 0], -22.0],
        [[1, 1, 0, 0, 2, 2, 0, 0, 0], -32.0], 
        [[1, 1, 0, 0, 2, 0, 2, 0, 0], -29.0], 
        [[1, 1, 0, 0, 2, 0, 0, 2, 0], -47.0], 
        [[1, 1, 0, 0, 2, 0, 0, 0, 2], -39.0]]
    ), 
    ('112120200', 
        [[[1, 1, 2, 1, 2, 2, 0, 0, 0], -2.0], 
        [[1, 1, 2, 1, 2, 0, 2, 0, 0], 0], 
        [[1, 1, 2, 1, 2, 0, 0, 2, 0], -3.0], 
        [[1, 1, 2, 1, 2, 0, 0, 0, 2], -2.0]]
    )
]

win/(win+lose) i do not use

[
    ('100000000', 
        [[[1, 0, 0, 0, 0, 0, 0, 0, 0], 0.0], 
        [[0, 1, 0, 0, 0, 0, 0, 0, 0], 0.0], 
        [[0, 0, 1, 0, 0, 0, 0, 0, 0], 0.0], 
        [[0, 0, 0, 1, 0, 0, 0, 0, 0], 0.0], 
        [[0, 0, 0, 0, 1, 0, 0, 0, 0], 0.0], 
        [[0, 0, 0, 0, 0, 1, 0, 0, 0], 0.0], 
        [[0, 0, 0, 0, 0, 0, 1, 0, 0], 0.0], 
        [[0, 0, 0, 0, 0, 0, 0, 1, 0], 0.0], 
        [[0, 0, 0, 0, 0, 0, 0, 0, 1], 0.0]]
    ), 
    ('121000000', 
        [[[1, 2, 1, 0, 0, 0, 0, 0, 0], 0.0], 
        [[1, 2, 0, 1, 0, 0, 0, 0, 0], 0.0], 
        [[1, 2, 0, 0, 1, 0, 0, 0, 0], 0.0], 
        [[1, 2, 0, 0, 0, 1, 0, 0, 0], 0.0], 
        [[1, 2, 0, 0, 0, 0, 1, 0, 0], 0.0], 
        [[1, 2, 0, 0, 0, 0, 0, 1, 0], 0.0], 
        [[1, 2, 0, 0, 0, 0, 0, 0, 1], 0.0]]
    ), 
    ('121210000', 
        [[[1, 2, 1, 2, 1, 0, 0, 0, 0], 0.0], 
        [[1, 2, 1, 2, 0, 1, 0, 0, 0], 0.0], 
        [[1, 2, 1, 2, 0, 0, 1, 0, 0], 0.0], 
        [[1, 2, 1, 2, 0, 0, 0, 1, 0], 0.0],
        [[1, 2, 1, 2, 0, 0, 0, 0, 1], 0.0]]
    ), 
    ('121212100', 
        [[[1, 2, 1, 2, 1, 2, 1, 0, 0], 0.0], 
        [[1, 2, 1, 2, 1, 2, 0, 1, 0], 0.0], 
        [[1, 2, 1, 2, 1, 2, 0, 0, 1], 0.0]]
    )
]
[
    ('120000000', 
        [[[1, 2, 0, 0, 0, 0, 0, 0, 0], 0.0], 
        [[1, 0, 2, 0, 0, 0, 0, 0, 0], 0.0], 
        [[1, 0, 0, 2, 0, 0, 0, 0, 0], 0.0], 
        [[1, 0, 0, 0, 2, 0, 0, 0, 0], 0.0], 
        [[1, 0, 0, 0, 0, 2, 0, 0, 0], 0.0], 
        [[1, 0, 0, 0, 0, 0, 2, 0, 0], 0.0], 
        [[1, 0, 0, 0, 0, 0, 0, 2, 0], 0.0], 
        [[1, 0, 0, 0, 0, 0, 0, 0, 2], 0.0]]
    ), 
    ('121200000', 
        [[[1, 2, 1, 2, 0, 0, 0, 0, 0], 0.0], 
        [[1, 2, 1, 0, 2, 0, 0, 0, 0], 0.0], 
        [[1, 2, 1, 0, 0, 2, 0, 0, 0], 0.0], 
        [[1, 2, 1, 0, 0, 0, 2, 0, 0], 0.0], 
        [[1, 2, 1, 0, 0, 0, 0, 2, 0], 0.0], 
        [[1, 2, 1, 0, 0, 0, 0, 0, 2], 0.0]]
    ), 
    ('121212000', 
    [[[1, 2, 1, 2, 1, 2, 0, 0, 0], 0.0], 
    [[1, 2, 1, 2, 1, 0, 2, 0, 0], 0.0], 
    [[1, 2, 1, 2, 1, 0, 0, 2, 0], 0.0],
    [[1, 2, 1, 2, 1, 0, 0, 0, 2], 0.0]]
    )
]