000000111
000000222
000001111
000001222
000002111
000002222
000010111
000010222
000011111
000011222
000012111
000012222
000020111
000020222
000021111
000021222
000022111
000022222
000100111
000100222
000101111
000101222
000102111
000102222
000110111
000110222
000111000
000111001
000111002
000111010
000111011
000111012
000111020
000111021
000111022
000111100
000111101
000111102
000111110
000111111
000111112
000111120
000111121
000111122
000111200
000111201
000111202
000111210
000111211
000111212
000111220
000111221
000111222
000112111
000112222
000120111
000120222
000121111
000121222
000122111
000122222
000200111
000200222
000201111
000201222
000202111
000202222
000210111
000210222
000211111
000211222
000212111
000212222
000220111
000220222
000221111
000221222
000222000
000222001
000222002
000222010
000222011
000222012
000222020
000222021
000222022
000222100
000222101
000222102
000222110
000222111
000222112
000222120
000222121
000222122
000222200
000222201
000222202
000222210
000222211
000222212
000222220
000222221
000222222
001000111
001000222
001001001
001001011
001001021
001001101
001001111
001001121
001001201
001001211
001001221
001001222
001002111
001002222
001010100
001010101
001010102
001010110
001010111
001010112
001010120
001010121
001010122
001010222
001011001
001011011
001011021
001011100
001011101
001011102
001011110
001011111
001011112
001011120
001011121
001011122
001011201
001011211
001011221
001011222
001012100
001012101
001012102
001012110
001012111
001012112
001012120
001012121
001012122
001012222
001020111
001020222
001021001
001021011
001021021
001021101
001021111
001021121
001021201
001021211
001021221
001021222
001022111
001022222
001100111
001100222
001101001
001101011
001101021
001101101
001101111
001101121
001101201
001101211
001101221
001101222
001102111
001102222
001110100
001110101
001110102
001110110
001110111
001110112
001110120
001110121
001110122
001110222
001111000
001111001
001111002
001111010
001111011
001111012
001111020
001111021
001111022
001111100
001111101
001111102
001111110
001111111
001111112
001111120
001111121
001111122
001111200
001111201
001111202
001111210
001111211
001111212
001111220
001111221
001111222
001112100
001112101
001112102
001112110
001112111
001112112
001112120
001112121
001112122
001112222
001120111
001120222
001121001
001121011
001121021
001121101
001121111
001121121
001121201
001121211
001121221
001121222
001122111
001122222
001200111
001200222
001201001
001201011
001201021
001201101
001201111
001201121
001201201
001201211
001201221
001201222
001202111
001202222
001210100
001210101
001210102
001210110
001210111
001210112
001210120
001210121
001210122
001210222
001211001
001211011
001211021
001211100
001211101
001211102
001211110
001211111
001211112
001211120
001211121
001211122
001211201
001211211
001211221
001211222
001212100
001212101
001212102
001212110
001212111
001212112
001212120
001212121
001212122
001212222
001220111
001220222
001221001
001221011
001221021
001221101
001221111
001221121
001221201
001221211
001221221
001221222
001222000
001222001
001222002
001222010
001222011
001222012
001222020
001222021
001222022
001222100
001222101
001222102
001222110
001222111
001222112
001222120
001222121
001222122
001222200
001222201
001222202
001222210
001222211
001222212
001222220
001222221
001222222
002000111
002000222
002001111
002001222
002002002
002002012
002002022
002002102
002002111
002002112
002002122
002002202
002002212
002002222
002010111
002010222
002011111
002011222
002012002
002012012
002012022
002012102
002012111
002012112
002012122
002012202
002012212
002012222
002020111
002020200
002020201
002020202
002020210
002020211
002020212
002020220
002020221
002020222
002021111
002021200
002021201
002021202
002021210
002021211
002021212
002021220
002021221
002021222
002022002
002022012
002022022
002022102
002022111
002022112
002022122
002022200
002022201
002022202
002022210
002022211
002022212
002022220
002022221
002022222
002100111
002100222
002101111
002101222
002102002
002102012
002102022
002102102
002102111
002102112
002102122
002102202
002102212
002102222
002110111
002110222
002111000
002111001
002111002
002111010
002111011
002111012
002111020
002111021
002111022
002111100
002111101
002111102
002111110
002111111
002111112
002111120
002111121
002111122
002111200
002111201
002111202
002111210
002111211
002111212
002111220
002111221
002111222
002112002
002112012
002112022
002112102
002112111
002112112
002112122
002112202
002112212
002112222
002120111
002120200
002120201
002120202
002120210
002120211
002120212
002120220
002120221
002120222
002121111
002121200
002121201
002121202
002121210
002121211
002121212
002121220
002121221
002121222
002122002
002122012
002122022
002122102
002122111
002122112
002122122
002122200
002122201
002122202
002122210
002122211
002122212
002122220
002122221
002122222
002200111
002200222
002201111
002201222
002202002
002202012
002202022
002202102
002202111
002202112
002202122
002202202
002202212
002202222
002210111
002210222
002211111
002211222
002212002
002212012
002212022
002212102
002212111
002212112
002212122
002212202
002212212
002212222
002220111
002220200
002220201
002220202
002220210
002220211
002220212
002220220
002220221
002220222
002221111
002221200
002221201
002221202
002221210
002221211
002221212
002221220
002221221
002221222
002222000
002222001
002222002
002222010
002222011
002222012
002222020
002222021
002222022
002222100
002222101
002222102
002222110
002222111
002222112
002222120
002222121
002222122
002222200
002222201
002222202
002222210
002222211
002222212
002222220
002222221
002222222
010000111
010000222
010001111
010001222
010002111
010002222
010010010
010010011
010010012
010010110
010010111
010010112
010010210
010010211
010010212
010010222
010011010
010011011
010011012
010011110
010011111
010011112
010011210
010011211
010011212
010011222
010012010
010012011
010012012
010012110
010012111
010012112
010012210
010012211
010012212
010012222
010020111
010020222
010021111
010021222
010022111
010022222
010100111
010100222
010101111
010101222
010102111
010102222
010110010
010110011
010110012
010110110
010110111
010110112
010110210
010110211
010110212
010110222
010111000
010111001
010111002
010111010
010111011
010111012
010111020
010111021
010111022
010111100
010111101
010111102
010111110
010111111
010111112
010111120
010111121
010111122
010111200
010111201
010111202
010111210
010111211
010111212
010111220
010111221
010111222
010112010
010112011
010112012
010112110
010112111
010112112
010112210
010112211
010112212
010112222
010120111
010120222
010121111
010121222
010122111
010122222
010200111
010200222
010201111
010201222
010202111
010202222
010210010
010210011
010210012
010210110
010210111
010210112
010210210
010210211
010210212
010210222
010211010
010211011
010211012
010211110
010211111
010211112
010211210
010211211
010211212
010211222
010212010
010212011
010212012
010212110
010212111
010212112
010212210
010212211
010212212
010212222
010220111
010220222
010221111
010221222
010222000
010222001
010222002
010222010
010222011
010222012
010222020
010222021
010222022
010222100
010222101
010222102
010222110
010222111
010222112
010222120
010222121
010222122
010222200
010222201
010222202
010222210
010222211
010222212
010222220
010222221
010222222
011000111
011000222
011001001
011001011
011001021
011001101
011001111
011001121
011001201
011001211
011001221
011001222
011002111
011002222
011010010
011010011
011010012
011010100
011010101
011010102
011010110
011010111
011010112
011010120
011010121
011010122
011010210
011010211
011010212
011010222
011011001
011011010
011011011
011011012
011011021
011011100
011011101
011011102
011011110
011011111
011011112
011011120
011011121
011011122
011011201
011011210
011011211
011011212
011011221
011011222
011012010
011012011
011012012
011012100
011012101
011012102
011012110
011012111
011012112
011012120
011012121
011012122
011012210
011012211
011012212
011012222
011020111
011020222
011021001
011021011
011021021
011021101
011021111
011021121
011021201
011021211
011021221
011021222
011022111
011022222
011100111
011100222
011101001
011101011
011101021
011101101
011101111
011101121
011101201
011101211
011101221
011101222
011102111
011102222
011110010
011110011
011110012
011110100
011110101
011110102
011110110
011110111
011110112
011110120
011110121
011110122
011110210
011110211
011110212
011110222
011111000
011111001
011111002
011111010
011111011
011111012
011111020
011111021
011111022
011111100
011111101
011111102
011111110
011111111
011111112
011111120
011111121
011111122
011111200
011111201
011111202
011111210
011111211
011111212
011111220
011111221
011111222
011112010
011112011
011112012
011112100
011112101
011112102
011112110
011112111
011112112
011112120
011112121
011112122
011112210
011112211
011112212
011112222
011120111
011120222
011121001
011121011
011121021
011121101
011121111
011121121
011121201
011121211
011121221
011121222
011122111
011122222
011200111
011200222
011201001
011201011
011201021
011201101
011201111
011201121
011201201
011201211
011201221
011201222
011202111
011202222
011210010
011210011
011210012
011210100
011210101
011210102
011210110
011210111
011210112
011210120
011210121
011210122
011210210
011210211
011210212
011210222
011211001
011211010
011211011
011211012
011211021
011211100
011211101
011211102
011211110
011211111
011211112
011211120
011211121
011211122
011211201
011211210
011211211
011211212
011211221
011211222
011212010
011212011
011212012
011212100
011212101
011212102
011212110
011212111
011212112
011212120
011212121
011212122
011212210
011212211
011212212
011212222
011220111
011220222
011221001
011221011
011221021
011221101
011221111
011221121
011221201
011221211
011221221
011221222
011222000
011222001
011222002
011222010
011222011
011222012
011222020
011222021
011222022
011222100
011222101
011222102
011222110
011222111
011222112
011222120
011222121
011222122
011222200
011222201
011222202
011222210
011222211
011222212
011222220
011222221
011222222
012000111
012000222
012001111
012001222
012002002
012002012
012002022
012002102
012002111
012002112
012002122
012002202
012002212
012002222
012010010
012010011
012010012
012010110
012010111
012010112
012010210
012010211
012010212
012010222
012011010
012011011
012011012
012011110
012011111
012011112
012011210
012011211
012011212
012011222
012012002
012012010
012012011
012012012
012012022
012012102
012012110
012012111
012012112
012012122
012012202
012012210
012012211
012012212
012012222
012020111
012020200
012020201
012020202
012020210
012020211
012020212
012020220
012020221
012020222
012021111
012021200
012021201
012021202
012021210
012021211
012021212
012021220
012021221
012021222
012022002
012022012
012022022
012022102
012022111
012022112
012022122
012022200
012022201
012022202
012022210
012022211
012022212
012022220
012022221
012022222
012100111
012100222
012101111
012101222
012102002
012102012
012102022
012102102
012102111
012102112
012102122
012102202
012102212
012102222
012110010
012110011
012110012
012110110
012110111
012110112
012110210
012110211
012110212
012110222
012111000
012111001
012111002
012111010
012111011
012111012
012111020
012111021
012111022
012111100
012111101
012111102
012111110
012111111
012111112
012111120
012111121
012111122
012111200
012111201
012111202
012111210
012111211
012111212
012111220
012111221
012111222
012112002
012112010
012112011
012112012
012112022
012112102
012112110
012112111
012112112
012112122
012112202
012112210
012112211
012112212
012112222
012120111
012120200
012120201
012120202
012120210
012120211
012120212
012120220
012120221
012120222
012121111
012121200
012121201
012121202
012121210
012121211
012121212
012121220
012121221
012121222
012122002
012122012
012122022
012122102
012122111
012122112
012122122
012122200
012122201
012122202
012122210
012122211
012122212
012122220
012122221
012122222
012200111
012200222
012201111
012201222
012202002
012202012
012202022
012202102
012202111
012202112
012202122
012202202
012202212
012202222
012210010
012210011
012210012
012210110
012210111
012210112
012210210
012210211
012210212
012210222
012211010
012211011
012211012
012211110
012211111
012211112
012211210
012211211
012211212
012211222
012212002
012212010
012212011
012212012
012212022
012212102
012212110
012212111
012212112
012212122
012212202
012212210
012212211
012212212
012212222
012220111
012220200
012220201
012220202
012220210
012220211
012220212
012220220
012220221
012220222
012221111
012221200
012221201
012221202
012221210
012221211
012221212
012221220
012221221
012221222
012222000
012222001
012222002
012222010
012222011
012222012
012222020
012222021
012222022
012222100
012222101
012222102
012222110
012222111
012222112
012222120
012222121
012222122
012222200
012222201
012222202
012222210
012222211
012222212
012222220
012222221
012222222
020000111
020000222
020001111
020001222
020002111
020002222
020010111
020010222
020011111
020011222
020012111
020012222
020020020
020020021
020020022
020020111
020020120
020020121
020020122
020020220
020020221
020020222
020021020
020021021
020021022
020021111
020021120
020021121
020021122
020021220
020021221
020021222
020022020
020022021
020022022
020022111
020022120
020022121
020022122
020022220
020022221
020022222
020100111
020100222
020101111
020101222
020102111
020102222
020110111
020110222
020111000
020111001
020111002
020111010
020111011
020111012
020111020
020111021
020111022
020111100
020111101
020111102
020111110
020111111
020111112
020111120
020111121
020111122
020111200
020111201
020111202
020111210
020111211
020111212
020111220
020111221
020111222
020112111
020112222
020120020
020120021
020120022
020120111
020120120
020120121
020120122
020120220
020120221
020120222
020121020
020121021
020121022
020121111
020121120
020121121
020121122
020121220
020121221
020121222
020122020
020122021
020122022
020122111
020122120
020122121
020122122
020122220
020122221
020122222
020200111
020200222
020201111
020201222
020202111
020202222
020210111
020210222
020211111
020211222
020212111
020212222
020220020
020220021
020220022
020220111
020220120
020220121
020220122
020220220
020220221
020220222
020221020
020221021
020221022
020221111
020221120
020221121
020221122
020221220
020221221
020221222
020222000
020222001
020222002
020222010
020222011
020222012
020222020
020222021
020222022
020222100
020222101
020222102
020222110
020222111
020222112
020222120
020222121
020222122
020222200
020222201
020222202
020222210
020222211
020222212
020222220
020222221
020222222
021000111
021000222
021001001
021001011
021001021
021001101
021001111
021001121
021001201
021001211
021001221
021001222
021002111
021002222
021010100
021010101
021010102
021010110
021010111
021010112
021010120
021010121
021010122
021010222
021011001
021011011
021011021
021011100
021011101
021011102
021011110
021011111
021011112
021011120
021011121
021011122
021011201
021011211
021011221
021011222
021012100
021012101
021012102
021012110
021012111
021012112
021012120
021012121
021012122
021012222
021020020
021020021
021020022
021020111
021020120
021020121
021020122
021020220
021020221
021020222
021021001
021021011
021021020
021021021
021021022
021021101
021021111
021021120
021021121
021021122
021021201
021021211
021021220
021021221
021021222
021022020
021022021
021022022
021022111
021022120
021022121
021022122
021022220
021022221
021022222
021100111
021100222
021101001
021101011
021101021
021101101
021101111
021101121
021101201
021101211
021101221
021101222
021102111
021102222
021110100
021110101
021110102
021110110
021110111
021110112
021110120
021110121
021110122
021110222
021111000
021111001
021111002
021111010
021111011
021111012
021111020
021111021
021111022
021111100
021111101
021111102
021111110
021111111
021111112
021111120
021111121
021111122
021111200
021111201
021111202
021111210
021111211
021111212
021111220
021111221
021111222
021112100
021112101
021112102
021112110
021112111
021112112
021112120
021112121
021112122
021112222
021120020
021120021
021120022
021120111
021120120
021120121
021120122
021120220
021120221
021120222
021121001
021121011
021121020
021121021
021121022
021121101
021121111
021121120
021121121
021121122
021121201
021121211
021121220
021121221
021121222
021122020
021122021
021122022
021122111
021122120
021122121
021122122
021122220
021122221
021122222
021200111
021200222
021201001
021201011
021201021
021201101
021201111
021201121
021201201
021201211
021201221
021201222
021202111
021202222
021210100
021210101
021210102
021210110
021210111
021210112
021210120
021210121
021210122
021210222
021211001
021211011
021211021
021211100
021211101
021211102
021211110
021211111
021211112
021211120
021211121
021211122
021211201
021211211
021211221
021211222
021212100
021212101
021212102
021212110
021212111
021212112
021212120
021212121
021212122
021212222
021220020
021220021
021220022
021220111
021220120
021220121
021220122
021220220
021220221
021220222
021221001
021221011
021221020
021221021
021221022
021221101
021221111
021221120
021221121
021221122
021221201
021221211
021221220
021221221
021221222
021222000
021222001
021222002
021222010
021222011
021222012
021222020
021222021
021222022
021222100
021222101
021222102
021222110
021222111
021222112
021222120
021222121
021222122
021222200
021222201
021222202
021222210
021222211
021222212
021222220
021222221
021222222
022000111
022000222
022001111
022001222
022002002
022002012
022002022
022002102
022002111
022002112
022002122
022002202
022002212
022002222
022010111
022010222
022011111
022011222
022012002
022012012
022012022
022012102
022012111
022012112
022012122
022012202
022012212
022012222
022020020
022020021
022020022
022020111
022020120
022020121
022020122
022020200
022020201
022020202
022020210
022020211
022020212
022020220
022020221
022020222
022021020
022021021
022021022
022021111
022021120
022021121
022021122
022021200
022021201
022021202
022021210
022021211
022021212
022021220
022021221
022021222
022022002
022022012
022022020
022022021
022022022
022022102
022022111
022022112
022022120
022022121
022022122
022022200
022022201
022022202
022022210
022022211
022022212
022022220
022022221
022022222
022100111
022100222
022101111
022101222
022102002
022102012
022102022
022102102
022102111
022102112
022102122
022102202
022102212
022102222
022110111
022110222
022111000
022111001
022111002
022111010
022111011
022111012
022111020
022111021
022111022
022111100
022111101
022111102
022111110
022111111
022111112
022111120
022111121
022111122
022111200
022111201
022111202
022111210
022111211
022111212
022111220
022111221
022111222
022112002
022112012
022112022
022112102
022112111
022112112
022112122
022112202
022112212
022112222
022120020
022120021
022120022
022120111
022120120
022120121
022120122
022120200
022120201
022120202
022120210
022120211
022120212
022120220
022120221
022120222
022121020
022121021
022121022
022121111
022121120
022121121
022121122
022121200
022121201
022121202
022121210
022121211
022121212
022121220
022121221
022121222
022122002
022122012
022122020
022122021
022122022
022122102
022122111
022122112
022122120
022122121
022122122
022122200
022122201
022122202
022122210
022122211
022122212
022122220
022122221
022122222
022200111
022200222
022201111
022201222
022202002
022202012
022202022
022202102
022202111
022202112
022202122
022202202
022202212
022202222
022210111
022210222
022211111
022211222
022212002
022212012
022212022
022212102
022212111
022212112
022212122
022212202
022212212
022212222
022220020
022220021
022220022
022220111
022220120
022220121
022220122
022220200
022220201
022220202
022220210
022220211
022220212
022220220
022220221
022220222
022221020
022221021
022221022
022221111
022221120
022221121
022221122
022221200
022221201
022221202
022221210
022221211
022221212
022221220
022221221
022221222
022222000
022222001
022222002
022222010
022222011
022222012
022222020
022222021
022222022
022222100
022222101
022222102
022222110
022222111
022222112
022222120
022222121
022222122
022222200
022222201
022222202
022222210
022222211
022222212
022222220
022222221
022222222
100000111
100000222
100001111
100001222
100002111
100002222
100010001
100010011
100010021
100010101
100010111
100010121
100010201
100010211
100010221
100010222
100011001
100011011
100011021
100011101
100011111
100011121
100011201
100011211
100011221
100011222
100012001
100012011
100012021
100012101
100012111
100012121
100012201
100012211
100012221
100012222
100020111
100020222
100021111
100021222
100022111
100022222
100100100
100100101
100100102
100100110
100100111
100100112
100100120
100100121
100100122
100100222
100101100
100101101
100101102
100101110
100101111
100101112
100101120
100101121
100101122
100101222
100102100
100102101
100102102
100102110
100102111
100102112
100102120
100102121
100102122
100102222
100110001
100110011
100110021
100110100
100110101
100110102
100110110
100110111
100110112
100110120
100110121
100110122
100110201
100110211
100110221
100110222
100111000
100111001
100111002
100111010
100111011
100111012
100111020
100111021
100111022
100111100
100111101
100111102
100111110
100111111
100111112
100111120
100111121
100111122
100111200
100111201
100111202
100111210
100111211
100111212
100111220
100111221
100111222
100112001
100112011
100112021
100112100
100112101
100112102
100112110
100112111
100112112
100112120
100112121
100112122
100112201
100112211
100112221
100112222
100120100
100120101
100120102
100120110
100120111
100120112
100120120
100120121
100120122
100120222
100121100
100121101
100121102
100121110
100121111
100121112
100121120
100121121
100121122
100121222
100122100
100122101
100122102
100122110
100122111
100122112
100122120
100122121
100122122
100122222
100200111
100200222
100201111
100201222
100202111
100202222
100210001
100210011
100210021
100210101
100210111
100210121
100210201
100210211
100210221
100210222
100211001
100211011
100211021
100211101
100211111
100211121
100211201
100211211
100211221
100211222
100212001
100212011
100212021
100212101
100212111
100212121
100212201
100212211
100212221
100212222
100220111
100220222
100221111
100221222
100222000
100222001
100222002
100222010
100222011
100222012
100222020
100222021
100222022
100222100
100222101
100222102
100222110
100222111
100222112
100222120
100222121
100222122
100222200
100222201
100222202
100222210
100222211
100222212
100222220
100222221
100222222
101000111
101000222
101001001
101001011
101001021
101001101
101001111
101001121
101001201
101001211
101001221
101001222
101002111
101002222
101010001
101010011
101010021
101010100
101010101
101010102
101010110
101010111
101010112
101010120
101010121
101010122
101010201
101010211
101010221
101010222
101011001
101011011
101011021
101011100
101011101
101011102
101011110
101011111
101011112
101011120
101011121
101011122
101011201
101011211
101011221
101011222
101012001
101012011
101012021
101012100
101012101
101012102
101012110
101012111
101012112
101012120
101012121
101012122
101012201
101012211
101012221
101012222
101020111
101020222
101021001
101021011
101021021
101021101
101021111
101021121
101021201
101021211
101021221
101021222
101022111
101022222
101100100
101100101
101100102
101100110
101100111
101100112
101100120
101100121
101100122
101100222
101101001
101101011
101101021
101101100
101101101
101101102
101101110
101101111
101101112
101101120
101101121
101101122
101101201
101101211
101101221
101101222
101102100
101102101
101102102
101102110
101102111
101102112
101102120
101102121
101102122
101102222
101110001
101110011
101110021
101110100
101110101
101110102
101110110
101110111
101110112
101110120
101110121
101110122
101110201
101110211
101110221
101110222
101111000
101111001
101111002
101111010
101111011
101111012
101111020
101111021
101111022
101111100
101111101
101111102
101111110
101111111
101111112
101111120
101111121
101111122
101111200
101111201
101111202
101111210
101111211
101111212
101111220
101111221
101111222
101112001
101112011
101112021
101112100
101112101
101112102
101112110
101112111
101112112
101112120
101112121
101112122
101112201
101112211
101112221
101112222
101120100
101120101
101120102
101120110
101120111
101120112
101120120
101120121
101120122
101120222
101121001
101121011
101121021
101121100
101121101
101121102
101121110
101121111
101121112
101121120
101121121
101121122
101121201
101121211
101121221
101121222
101122100
101122101
101122102
101122110
101122111
101122112
101122120
101122121
101122122
101122222
101200111
101200222
101201001
101201011
101201021
101201101
101201111
101201121
101201201
101201211
101201221
101201222
101202111
101202222
101210001
101210011
101210021
101210100
101210101
101210102
101210110
101210111
101210112
101210120
101210121
101210122
101210201
101210211
101210221
101210222
101211001
101211011
101211021
101211100
101211101
101211102
101211110
101211111
101211112
101211120
101211121
101211122
101211201
101211211
101211221
101211222
101212001
101212011
101212021
101212100
101212101
101212102
101212110
101212111
101212112
101212120
101212121
101212122
101212201
101212211
101212221
101212222
101220111
101220222
101221001
101221011
101221021
101221101
101221111
101221121
101221201
101221211
101221221
101221222
101222000
101222001
101222002
101222010
101222011
101222012
101222020
101222021
101222022
101222100
101222101
101222102
101222110
101222111
101222112
101222120
101222121
101222122
101222200
101222201
101222202
101222210
101222211
101222212
101222220
101222221
101222222
102000111
102000222
102001111
102001222
102002002
102002012
102002022
102002102
102002111
102002112
102002122
102002202
102002212
102002222
102010001
102010011
102010021
102010101
102010111
102010121
102010201
102010211
102010221
102010222
102011001
102011011
102011021
102011101
102011111
102011121
102011201
102011211
102011221
102011222
102012001
102012002
102012011
102012012
102012021
102012022
102012101
102012102
102012111
102012112
102012121
102012122
102012201
102012202
102012211
102012212
102012221
102012222
102020111
102020200
102020201
102020202
102020210
102020211
102020212
102020220
102020221
102020222
102021111
102021200
102021201
102021202
102021210
102021211
102021212
102021220
102021221
102021222
102022002
102022012
102022022
102022102
102022111
102022112
102022122
102022200
102022201
102022202
102022210
102022211
102022212
102022220
102022221
102022222
102100100
102100101
102100102
102100110
102100111
102100112
102100120
102100121
102100122
102100222
102101100
102101101
102101102
102101110
102101111
102101112
102101120
102101121
102101122
102101222
102102002
102102012
102102022
102102100
102102101
102102102
102102110
102102111
102102112
102102120
102102121
102102122
102102202
102102212
102102222
102110001
102110011
102110021
102110100
102110101
102110102
102110110
102110111
102110112
102110120
102110121
102110122
102110201
102110211
102110221
102110222
102111000
102111001
102111002
102111010
102111011
102111012
102111020
102111021
102111022
102111100
102111101
102111102
102111110
102111111
102111112
102111120
102111121
102111122
102111200
102111201
102111202
102111210
102111211
102111212
102111220
102111221
102111222
102112001
102112002
102112011
102112012
102112021
102112022
102112100
102112101
102112102
102112110
102112111
102112112
102112120
102112121
102112122
102112201
102112202
102112211
102112212
102112221
102112222
102120100
102120101
102120102
102120110
102120111
102120112
102120120
102120121
102120122
102120200
102120201
102120202
102120210
102120211
102120212
102120220
102120221
102120222
102121100
102121101
102121102
102121110
102121111
102121112
102121120
102121121
102121122
102121200
102121201
102121202
102121210
102121211
102121212
102121220
102121221
102121222
102122002
102122012
102122022
102122100
102122101
102122102
102122110
102122111
102122112
102122120
102122121
102122122
102122200
102122201
102122202
102122210
102122211
102122212
102122220
102122221
102122222
102200111
102200222
102201111
102201222
102202002
102202012
102202022
102202102
102202111
102202112
102202122
102202202
102202212
102202222
102210001
102210011
102210021
102210101
102210111
102210121
102210201
102210211
102210221
102210222
102211001
102211011
102211021
102211101
102211111
102211121
102211201
102211211
102211221
102211222
102212001
102212002
102212011
102212012
102212021
102212022
102212101
102212102
102212111
102212112
102212121
102212122
102212201
102212202
102212211
102212212
102212221
102212222
102220111
102220200
102220201
102220202
102220210
102220211
102220212
102220220
102220221
102220222
102221111
102221200
102221201
102221202
102221210
102221211
102221212
102221220
102221221
102221222
102222000
102222001
102222002
102222010
102222011
102222012
102222020
102222021
102222022
102222100
102222101
102222102
102222110
102222111
102222112
102222120
102222121
102222122
102222200
102222201
102222202
102222210
102222211
102222212
102222220
102222221
102222222
110000111
110000222
110001111
110001222
110002111
110002222
110010001
110010010
110010011
110010012
110010021
110010101
110010110
110010111
110010112
110010121
110010201
110010210
110010211
110010212
110010221
110010222
110011001
110011010
110011011
110011012
110011021
110011101
110011110
110011111
110011112
110011121
110011201
110011210
110011211
110011212
110011221
110011222
110012001
110012010
110012011
110012012
110012021
110012101
110012110
110012111
110012112
110012121
110012201
110012210
110012211
110012212
110012221
110012222
110020111
110020222
110021111
110021222
110022111
110022222
110100100
110100101
110100102
110100110
110100111
110100112
110100120
110100121
110100122
110100222
110101100
110101101
110101102
110101110
110101111
110101112
110101120
110101121
110101122
110101222
110102100
110102101
110102102
110102110
110102111
110102112
110102120
110102121
110102122
110102222
110110001
110110010
110110011
110110012
110110021
110110100
110110101
110110102
110110110
110110111
110110112
110110120
110110121
110110122
110110201
110110210
110110211
110110212
110110221
110110222
110111000
110111001
110111002
110111010
110111011
110111012
110111020
110111021
110111022
110111100
110111101
110111102
110111110
110111111
110111112
110111120
110111121
110111122
110111200
110111201
110111202
110111210
110111211
110111212
110111220
110111221
110111222
110112001
110112010
110112011
110112012
110112021
110112100
110112101
110112102
110112110
110112111
110112112
110112120
110112121
110112122
110112201
110112210
110112211
110112212
110112221
110112222
110120100
110120101
110120102
110120110
110120111
110120112
110120120
110120121
110120122
110120222
110121100
110121101
110121102
110121110
110121111
110121112
110121120
110121121
110121122
110121222
110122100
110122101
110122102
110122110
110122111
110122112
110122120
110122121
110122122
110122222
110200111
110200222
110201111
110201222
110202111
110202222
110210001
110210010
110210011
110210012
110210021
110210101
110210110
110210111
110210112
110210121
110210201
110210210
110210211
110210212
110210221
110210222
110211001
110211010
110211011
110211012
110211021
110211101
110211110
110211111
110211112
110211121
110211201
110211210
110211211
110211212
110211221
110211222
110212001
110212010
110212011
110212012
110212021
110212101
110212110
110212111
110212112
110212121
110212201
110212210
110212211
110212212
110212221
110212222
110220111
110220222
110221111
110221222
110222000
110222001
110222002
110222010
110222011
110222012
110222020
110222021
110222022
110222100
110222101
110222102
110222110
110222111
110222112
110222120
110222121
110222122
110222200
110222201
110222202
110222210
110222211
110222212
110222220
110222221
110222222
111000000
111000001
111000002
111000010
111000011
111000012
111000020
111000021
111000022
111000100
111000101
111000102
111000110
111000111
111000112
111000120
111000121
111000122
111000200
111000201
111000202
111000210
111000211
111000212
111000220
111000221
111000222
111001000
111001001
111001002
111001010
111001011
111001012
111001020
111001021
111001022
111001100
111001101
111001102
111001110
111001111
111001112
111001120
111001121
111001122
111001200
111001201
111001202
111001210
111001211
111001212
111001220
111001221
111001222
111002000
111002001
111002002
111002010
111002011
111002012
111002020
111002021
111002022
111002100
111002101
111002102
111002110
111002111
111002112
111002120
111002121
111002122
111002200
111002201
111002202
111002210
111002211
111002212
111002220
111002221
111002222
111010000
111010001
111010002
111010010
111010011
111010012
111010020
111010021
111010022
111010100
111010101
111010102
111010110
111010111
111010112
111010120
111010121
111010122
111010200
111010201
111010202
111010210
111010211
111010212
111010220
111010221
111010222
111011000
111011001
111011002
111011010
111011011
111011012
111011020
111011021
111011022
111011100
111011101
111011102
111011110
111011111
111011112
111011120
111011121
111011122
111011200
111011201
111011202
111011210
111011211
111011212
111011220
111011221
111011222
111012000
111012001
111012002
111012010
111012011
111012012
111012020
111012021
111012022
111012100
111012101
111012102
111012110
111012111
111012112
111012120
111012121
111012122
111012200
111012201
111012202
111012210
111012211
111012212
111012220
111012221
111012222
111020000
111020001
111020002
111020010
111020011
111020012
111020020
111020021
111020022
111020100
111020101
111020102
111020110
111020111
111020112
111020120
111020121
111020122
111020200
111020201
111020202
111020210
111020211
111020212
111020220
111020221
111020222
111021000
111021001
111021002
111021010
111021011
111021012
111021020
111021021
111021022
111021100
111021101
111021102
111021110
111021111
111021112
111021120
111021121
111021122
111021200
111021201
111021202
111021210
111021211
111021212
111021220
111021221
111021222
111022000
111022001
111022002
111022010
111022011
111022012
111022020
111022021
111022022
111022100
111022101
111022102
111022110
111022111
111022112
111022120
111022121
111022122
111022200
111022201
111022202
111022210
111022211
111022212
111022220
111022221
111022222
111100000
111100001
111100002
111100010
111100011
111100012
111100020
111100021
111100022
111100100
111100101
111100102
111100110
111100111
111100112
111100120
111100121
111100122
111100200
111100201
111100202
111100210
111100211
111100212
111100220
111100221
111100222
111101000
111101001
111101002
111101010
111101011
111101012
111101020
111101021
111101022
111101100
111101101
111101102
111101110
111101111
111101112
111101120
111101121
111101122
111101200
111101201
111101202
111101210
111101211
111101212
111101220
111101221
111101222
111102000
111102001
111102002
111102010
111102011
111102012
111102020
111102021
111102022
111102100
111102101
111102102
111102110
111102111
111102112
111102120
111102121
111102122
111102200
111102201
111102202
111102210
111102211
111102212
111102220
111102221
111102222
111110000
111110001
111110002
111110010
111110011
111110012
111110020
111110021
111110022
111110100
111110101
111110102
111110110
111110111
111110112
111110120
111110121
111110122
111110200
111110201
111110202
111110210
111110211
111110212
111110220
111110221
111110222
111111000
111111001
111111002
111111010
111111011
111111012
111111020
111111021
111111022
111111100
111111101
111111102
111111110
111111111
111111112
111111120
111111121
111111122
111111200
111111201
111111202
111111210
111111211
111111212
111111220
111111221
111111222
111112000
111112001
111112002
111112010
111112011
111112012
111112020
111112021
111112022
111112100
111112101
111112102
111112110
111112111
111112112
111112120
111112121
111112122
111112200
111112201
111112202
111112210
111112211
111112212
111112220
111112221
111112222
111120000
111120001
111120002
111120010
111120011
111120012
111120020
111120021
111120022
111120100
111120101
111120102
111120110
111120111
111120112
111120120
111120121
111120122
111120200
111120201
111120202
111120210
111120211
111120212
111120220
111120221
111120222
111121000
111121001
111121002
111121010
111121011
111121012
111121020
111121021
111121022
111121100
111121101
111121102
111121110
111121111
111121112
111121120
111121121
111121122
111121200
111121201
111121202
111121210
111121211
111121212
111121220
111121221
111121222
111122000
111122001
111122002
111122010
111122011
111122012
111122020
111122021
111122022
111122100
111122101
111122102
111122110
111122111
111122112
111122120
111122121
111122122
111122200
111122201
111122202
111122210
111122211
111122212
111122220
111122221
111122222
111200000
111200001
111200002
111200010
111200011
111200012
111200020
111200021
111200022
111200100
111200101
111200102
111200110
111200111
111200112
111200120
111200121
111200122
111200200
111200201
111200202
111200210
111200211
111200212
111200220
111200221
111200222
111201000
111201001
111201002
111201010
111201011
111201012
111201020
111201021
111201022
111201100
111201101
111201102
111201110
111201111
111201112
111201120
111201121
111201122
111201200
111201201
111201202
111201210
111201211
111201212
111201220
111201221
111201222
111202000
111202001
111202002
111202010
111202011
111202012
111202020
111202021
111202022
111202100
111202101
111202102
111202110
111202111
111202112
111202120
111202121
111202122
111202200
111202201
111202202
111202210
111202211
111202212
111202220
111202221
111202222
111210000
111210001
111210002
111210010
111210011
111210012
111210020
111210021
111210022
111210100
111210101
111210102
111210110
111210111
111210112
111210120
111210121
111210122
111210200
111210201
111210202
111210210
111210211
111210212
111210220
111210221
111210222
111211000
111211001
111211002
111211010
111211011
111211012
111211020
111211021
111211022
111211100
111211101
111211102
111211110
111211111
111211112
111211120
111211121
111211122
111211200
111211201
111211202
111211210
111211211
111211212
111211220
111211221
111211222
111212000
111212001
111212002
111212010
111212011
111212012
111212020
111212021
111212022
111212100
111212101
111212102
111212110
111212111
111212112
111212120
111212121
111212122
111212200
111212201
111212202
111212210
111212211
111212212
111212220
111212221
111212222
111220000
111220001
111220002
111220010
111220011
111220012
111220020
111220021
111220022
111220100
111220101
111220102
111220110
111220111
111220112
111220120
111220121
111220122
111220200
111220201
111220202
111220210
111220211
111220212
111220220
111220221
111220222
111221000
111221001
111221002
111221010
111221011
111221012
111221020
111221021
111221022
111221100
111221101
111221102
111221110
111221111
111221112
111221120
111221121
111221122
111221200
111221201
111221202
111221210
111221211
111221212
111221220
111221221
111221222
111222000
111222001
111222002
111222010
111222011
111222012
111222020
111222021
111222022
111222100
111222101
111222102
111222110
111222111
111222112
111222120
111222121
111222122
111222200
111222201
111222202
111222210
111222211
111222212
111222220
111222221
111222222
112000111
112000222
112001111
112001222
112002002
112002012
112002022
112002102
112002111
112002112
112002122
112002202
112002212
112002222
112010001
112010010
112010011
112010012
112010021
112010101
112010110
112010111
112010112
112010121
112010201
112010210
112010211
112010212
112010221
112010222
112011001
112011010
112011011
112011012
112011021
112011101
112011110
112011111
112011112
112011121
112011201
112011210
112011211
112011212
112011221
112011222
112012001
112012002
112012010
112012011
112012012
112012021
112012022
112012101
112012102
112012110
112012111
112012112
112012121
112012122
112012201
112012202
112012210
112012211
112012212
112012221
112012222
112020111
112020200
112020201
112020202
112020210
112020211
112020212
112020220
112020221
112020222
112021111
112021200
112021201
112021202
112021210
112021211
112021212
112021220
112021221
112021222
112022002
112022012
112022022
112022102
112022111
112022112
112022122
112022200
112022201
112022202
112022210
112022211
112022212
112022220
112022221
112022222
112100100
112100101
112100102
112100110
112100111
112100112
112100120
112100121
112100122
112100222
112101100
112101101
112101102
112101110
112101111
112101112
112101120
112101121
112101122
112101222
112102002
112102012
112102022
112102100
112102101
112102102
112102110
112102111
112102112
112102120
112102121
112102122
112102202
112102212
112102222
112110001
112110010
112110011
112110012
112110021
112110100
112110101
112110102
112110110
112110111
112110112
112110120
112110121
112110122
112110201
112110210
112110211
112110212
112110221
112110222
112111000
112111001
112111002
112111010
112111011
112111012
112111020
112111021
112111022
112111100
112111101
112111102
112111110
112111111
112111112
112111120
112111121
112111122
112111200
112111201
112111202
112111210
112111211
112111212
112111220
112111221
112111222
112112001
112112002
112112010
112112011
112112012
112112021
112112022
112112100
112112101
112112102
112112110
112112111
112112112
112112120
112112121
112112122
112112201
112112202
112112210
112112211
112112212
112112221
112112222
112120100
112120101
112120102
112120110
112120111
112120112
112120120
112120121
112120122
112120200
112120201
112120202
112120210
112120211
112120212
112120220
112120221
112120222
112121100
112121101
112121102
112121110
112121111
112121112
112121120
112121121
112121122
112121200
112121201
112121202
112121210
112121211
112121212
112121220
112121221
112121222
112122002
112122012
112122022
112122100
112122101
112122102
112122110
112122111
112122112
112122120
112122121
112122122
112122200
112122201
112122202
112122210
112122211
112122212
112122220
112122221
112122222
112200111
112200222
112201111
112201222
112202002
112202012
112202022
112202102
112202111
112202112
112202122
112202202
112202212
112202222
112210001
112210010
112210011
112210012
112210021
112210101
112210110
112210111
112210112
112210121
112210201
112210210
112210211
112210212
112210221
112210222
112211001
112211010
112211011
112211012
112211021
112211101
112211110
112211111
112211112
112211121
112211122
112211201
112211210
112211211
112211212
112211221
112211222
112212001
112212002
112212010
112212011
112212012
112212021
112212022
112212101
112212102
112212110
112212111
112212112
112212121
112212122
112212201
112212202
112212210
112212211
112212212
112212221
112212222
112220111
112220200
112220201
112220202
112220210
112220211
112220212
112220220
112220221
112220222
112221111
112221112
112221121
112221122
112221200
112221201
112221202
112221210
112221211
112221212
112221220
112221221
112221222
112222000
112222001
112222002
112222010
112222011
112222012
112222020
112222021
112222022
112222100
112222101
112222102
112222110
112222111
112222112
112222120
112222121
112222122
112222200
112222201
112222202
112222210
112222211
112222212
112222220
112222221
112222222
120000111
120000222
120001111
120001222
120002111
120002222
120010001
120010011
120010021
120010101
120010111
120010121
120010201
120010211
120010221
120010222
120011001
120011011
120011021
120011101
120011111
120011121
120011201
120011211
120011221
120011222
120012001
120012011
120012021
120012101
120012111
120012121
120012201
120012211
120012221
120012222
120020020
120020021
120020022
120020111
120020120
120020121
120020122
120020220
120020221
120020222
120021020
120021021
120021022
120021111
120021120
120021121
120021122
120021220
120021221
120021222
120022020
120022021
120022022
120022111
120022120
120022121
120022122
120022220
120022221
120022222
120100100
120100101
120100102
120100110
120100111
120100112
120100120
120100121
120100122
120100222
120101100
120101101
120101102
120101110
120101111
120101112
120101120
120101121
120101122
120101222
120102100
120102101
120102102
120102110
120102111
120102112
120102120
120102121
120102122
120102222
120110001
120110011
120110021
120110100
120110101
120110102
120110110
120110111
120110112
120110120
120110121
120110122
120110201
120110211
120110221
120110222
120111000
120111001
120111002
120111010
120111011
120111012
120111020
120111021
120111022
120111100
120111101
120111102
120111110
120111111
120111112
120111120
120111121
120111122
120111200
120111201
120111202
120111210
120111211
120111212
120111220
120111221
120111222
120112001
120112011
120112021
120112100
120112101
120112102
120112110
120112111
120112112
120112120
120112121
120112122
120112201
120112211
120112221
120112222
120120020
120120021
120120022
120120100
120120101
120120102
120120110
120120111
120120112
120120120
120120121
120120122
120120220
120120221
120120222
120121020
120121021
120121022
120121100
120121101
120121102
120121110
120121111
120121112
120121120
120121121
120121122
120121220
120121221
120121222
120122020
120122021
120122022
120122100
120122101
120122102
120122110
120122111
120122112
120122120
120122121
120122122
120122220
120122221
120122222
120200111
120200222
120201111
120201222
120202111
120202222
120210001
120210011
120210021
120210101
120210111
120210121
120210201
120210211
120210221
120210222
120211001
120211011
120211021
120211101
120211111
120211121
120211201
120211211
120211221
120211222
120212001
120212011
120212021
120212101
120212111
120212121
120212201
120212211
120212221
120212222
120220020
120220021
120220022
120220111
120220120
120220121
120220122
120220220
120220221
120220222
120221020
120221021
120221022
120221111
120221120
120221121
120221122
120221220
120221221
120221222
120222000
120222001
120222002
120222010
120222011
120222012
120222020
120222021
120222022
120222100
120222101
120222102
120222110
120222111
120222112
120222120
120222121
120222122
120222200
120222201
120222202
120222210
120222211
120222212
120222220
120222221
120222222
121000111
121000222
121001001
121001011
121001021
121001101
121001111
121001121
121001201
121001211
121001221
121001222
121002111
121002222
121010001
121010011
121010021
121010100
121010101
121010102
121010110
121010111
121010112
121010120
121010121
121010122
121010201
121010211
121010221
121010222
121011001
121011011
121011021
121011100
121011101
121011102
121011110
121011111
121011112
121011120
121011121
121011122
121011201
121011211
121011221
121011222
121012001
121012011
121012021
121012100
121012101
121012102
121012110
121012111
121012112
121012120
121012121
121012122
121012201
121012211
121012221
121012222
121020020
121020021
121020022
121020111
121020120
121020121
121020122
121020220
121020221
121020222
121021001
121021011
121021020
121021021
121021022
121021101
121021111
121021120
121021121
121021122
121021201
121021211
121021220
121021221
121021222
121022020
121022021
121022022
121022111
121022120
121022121
121022122
121022220
121022221
121022222
121100100
121100101
121100102
121100110
121100111
121100112
121100120
121100121
121100122
121100222
121101001
121101011
121101021
121101100
121101101
121101102
121101110
121101111
121101112
121101120
121101121
121101122
121101201
121101211
121101221
121101222
121102100
121102101
121102102
121102110
121102111
121102112
121102120
121102121
121102122
121102222
121110001
121110011
121110021
121110100
121110101
121110102
121110110
121110111
121110112
121110120
121110121
121110122
121110201
121110211
121110221
121110222
121111000
121111001
121111002
121111010
121111011
121111012
121111020
121111021
121111022
121111100
121111101
121111102
121111110
121111111
121111112
121111120
121111121
121111122
121111200
121111201
121111202
121111210
121111211
121111212
121111220
121111221
121111222
121112001
121112011
121112021
121112100
121112101
121112102
121112110
121112111
121112112
121112120
121112121
121112122
121112201
121112211
121112212
121112221
121112222
121120020
121120021
121120022
121120100
121120101
121120102
121120110
121120111
121120112
121120120
121120121
121120122
121120220
121120221
121120222
121121001
121121011
121121020
121121021
121121022
121121100
121121101
121121102
121121110
121121111
121121112
121121120
121121121
121121122
121121201
121121211
121121212
121121220
121121221
121121222
121122020
121122021
121122022
121122100
121122101
121122102
121122110
121122111
121122112
121122120
121122121
121122122
121122211
121122212
121122220
121122221
121122222
121200111
121200222
121201001
121201011
121201021
121201101
121201111
121201121
121201201
121201211
121201221
121201222
121202111
121202222
121210001
121210011
121210021
121210100
121210101
121210102
121210110
121210111
121210112
121210120
121210121
121210122
121210201
121210211
121210221
121210222
121211001
121211011
121211021
121211100
121211101
121211102
121211110
121211111
121211112
121211120
121211121
121211122
121211201
121211211
121211212
121211221
121211222
121212001
121212011
121212021
121212100
121212101
121212102
121212110
121212111
121212112
121212120
121212121
121212122
121212201
121212211
121212212
121212221
121212222
121220020
121220021
121220022
121220111
121220120
121220121
121220122
121220220
121220221
121220222
121221001
121221011
121221020
121221021
121221022
121221101
121221111
121221112
121221120
121221121
121221122
121221201
121221211
121221212
121221220
121221221
121221222
121222000
121222001
121222002
121222010
121222011
121222012
121222020
121222021
121222022
121222100
121222101
121222102
121222110
121222111
121222112
121222120
121222121
121222122
121222200
121222201
121222202
121222210
121222211
121222212
121222220
121222221
121222222
122000111
122000222
122001111
122001222
122002002
122002012
122002022
122002102
122002111
122002112
122002122
122002202
122002212
122002222
122010001
122010011
122010021
122010101
122010111
122010121
122010201
122010211
122010221
122010222
122011001
122011011
122011021
122011101
122011111
122011121
122011201
122011211
122011221
122011222
122012001
122012002
122012011
122012012
122012021
122012022
122012101
122012102
122012111
122012112
122012121
122012122
122012201
122012202
122012211
122012212
122012221
122012222
122020020
122020021
122020022
122020111
122020120
122020121
122020122
122020200
122020201
122020202
122020210
122020211
122020212
122020220
122020221
122020222
122021020
122021021
122021022
122021111
122021120
122021121
122021122
122021200
122021201
122021202
122021210
122021211
122021212
122021220
122021221
122021222
122022002
122022012
122022020
122022021
122022022
122022102
122022111
122022112
122022120
122022121
122022122
122022200
122022201
122022202
122022210
122022211
122022212
122022220
122022221
122022222
122100100
122100101
122100102
122100110
122100111
122100112
122100120
122100121
122100122
122100222
122101100
122101101
122101102
122101110
122101111
122101112
122101120
122101121
122101122
122101222
122102002
122102012
122102022
122102100
122102101
122102102
122102110
122102111
122102112
122102120
122102121
122102122
122102202
122102212
122102222
122110001
122110011
122110021
122110100
122110101
122110102
122110110
122110111
122110112
122110120
122110121
122110122
122110201
122110211
122110221
122110222
122111000
122111001
122111002
122111010
122111011
122111012
122111020
122111021
122111022
122111100
122111101
122111102
122111110
122111111
122111112
122111120
122111121
122111122
122111200
122111201
122111202
122111210
122111211
122111212
122111220
122111221
122111222
122112001
122112002
122112011
122112012
122112021
122112022
122112100
122112101
122112102
122112110
122112111
122112112
122112120
122112121
122112122
122112201
122112202
122112211
122112212
122112221
122112222
122120020
122120021
122120022
122120100
122120101
122120102
122120110
122120111
122120112
122120120
122120121
122120122
122120200
122120201
122120202
122120210
122120211
122120212
122120220
122120221
122120222
122121020
122121021
122121022
122121100
122121101
122121102
122121110
122121111
122121112
122121120
122121121
122121122
122121200
122121201
122121202
122121210
122121211
122121212
122121220
122121221
122121222
122122002
122122012
122122020
122122021
122122022
122122100
122122101
122122102
122122110
122122111
122122112
122122120
122122121
122122122
122122200
122122201
122122202
122122210
122122211
122122212
122122220
122122221
122122222
122200111
122200222
122201111
122201222
122202002
122202012
122202022
122202102
122202111
122202112
122202122
122202202
122202212
122202222
122210001
122210011
122210021
122210101
122210111
122210121
122210201
122210211
122210221
122210222
122211001
122211011
122211021
122211101
122211111
122211112
122211121
122211122
122211201
122211211
122211212
122211221
122211222
122212001
122212002
122212011
122212012
122212021
122212022
122212101
122212102
122212111
122212112
122212121
122212122
122212201
122212202
122212211
122212212
122212221
122212222
122220020
122220021
122220022
122220111
122220120
122220121
122220122
122220200
122220201
122220202
122220210
122220211
122220212
122220220
122220221
122220222
122221020
122221021
122221022
122221111
122221112
122221120
122221121
122221122
122221200
122221201
122221202
122221210
122221211
122221212
122221220
122221221
122221222
122222000
122222001
122222002
122222010
122222011
122222012
122222020
122222021
122222022
122222100
122222101
122222102
122222110
122222111
122222112
122222120
122222121
122222122
122222200
122222201
122222202
122222210
122222211
122222212
122222220
122222221
122222222
200000111
200000222
200001111
200001222
200002111
200002222
200010111
200010222
200011111
200011222
200012111
200012222
200020002
200020012
200020022
200020102
200020111
200020112
200020122
200020202
200020212
200020222
200021002
200021012
200021022
200021102
200021111
200021112
200021122
200021202
200021212
200021222
200022002
200022012
200022022
200022102
200022111
200022112
200022122
200022202
200022212
200022222
200100111
200100222
200101111
200101222
200102111
200102222
200110111
200110222
200111000
200111001
200111002
200111010
200111011
200111012
200111020
200111021
200111022
200111100
200111101
200111102
200111110
200111111
200111112
200111120
200111121
200111122
200111200
200111201
200111202
200111210
200111211
200111212
200111220
200111221
200111222
200112111
200112222
200120002
200120012
200120022
200120102
200120111
200120112
200120122
200120202
200120212
200120222
200121002
200121012
200121022
200121102
200121111
200121112
200121122
200121202
200121212
200121222
200122002
200122012
200122022
200122102
200122111
200122112
200122122
200122202
200122212
200122222
200200111
200200200
200200201
200200202
200200210
200200211
200200212
200200220
200200221
200200222
200201111
200201200
200201201
200201202
200201210
200201211
200201212
200201220
200201221
200201222
200202111
200202200
200202201
200202202
200202210
200202211
200202212
200202220
200202221
200202222
200210111
200210200
200210201
200210202
200210210
200210211
200210212
200210220
200210221
200210222
200211111
200211200
200211201
200211202
200211210
200211211
200211212
200211220
200211221
200211222
200212111
200212200
200212201
200212202
200212210
200212211
200212212
200212220
200212221
200212222
200220002
200220012
200220022
200220102
200220111
200220112
200220122
200220200
200220201
200220202
200220210
200220211
200220212
200220220
200220221
200220222
200221002
200221012
200221022
200221102
200221111
200221112
200221122
200221200
200221201
200221202
200221210
200221211
200221212
200221220
200221221
200221222
200222000
200222001
200222002
200222010
200222011
200222012
200222020
200222021
200222022
200222100
200222101
200222102
200222110
200222111
200222112
200222120
200222121
200222122
200222200
200222201
200222202
200222210
200222211
200222212
200222220
200222221
200222222
201000111
201000222
201001001
201001011
201001021
201001101
201001111
201001121
201001201
201001211
201001221
201001222
201002111
201002222
201010100
201010101
201010102
201010110
201010111
201010112
201010120
201010121
201010122
201010222
201011001
201011011
201011021
201011100
201011101
201011102
201011110
201011111
201011112
201011120
201011121
201011122
201011201
201011211
201011221
201011222
201012100
201012101
201012102
201012110
201012111
201012112
201012120
201012121
201012122
201012222
201020002
201020012
201020022
201020102
201020111
201020112
201020122
201020202
201020212
201020222
201021001
201021002
201021011
201021012
201021021
201021022
201021101
201021102
201021111
201021112
201021121
201021122
201021201
201021202
201021211
201021212
201021221
201021222
201022002
201022012
201022022
201022102
201022111
201022112
201022122
201022202
201022212
201022222
201100111
201100222
201101001
201101011
201101021
201101101
201101111
201101121
201101201
201101211
201101221
201101222
201102111
201102222
201110100
201110101
201110102
201110110
201110111
201110112
201110120
201110121
201110122
201110222
201111000
201111001
201111002
201111010
201111011
201111012
201111020
201111021
201111022
201111100
201111101
201111102
201111110
201111111
201111112
201111120
201111121
201111122
201111200
201111201
201111202
201111210
201111211
201111212
201111220
201111221
201111222
201112100
201112101
201112102
201112110
201112111
201112112
201112120
201112121
201112122
201112222
201120002
201120012
201120022
201120102
201120111
201120112
201120122
201120202
201120212
201120222
201121001
201121002
201121011
201121012
201121021
201121022
201121101
201121102
201121111
201121112
201121121
201121122
201121201
201121202
201121211
201121212
201121221
201121222
201122002
201122012
201122022
201122102
201122111
201122112
201122122
201122202
201122212
201122222
201200111
201200200
201200201
201200202
201200210
201200211
201200212
201200220
201200221
201200222
201201001
201201011
201201021
201201101
201201111
201201121
201201200
201201201
201201202
201201210
201201211
201201212
201201220
201201221
201201222
201202111
201202200
201202201
201202202
201202210
201202211
201202212
201202220
201202221
201202222
201210100
201210101
201210102
201210110
201210111
201210112
201210120
201210121
201210122
201210200
201210201
201210202
201210210
201210211
201210212
201210220
201210221
201210222
201211001
201211011
201211021
201211100
201211101
201211102
201211110
201211111
201211112
201211120
201211121
201211122
201211200
201211201
201211202
201211210
201211211
201211212
201211220
201211221
201211222
201212100
201212101
201212102
201212110
201212111
201212112
201212120
201212121
201212122
201212200
201212201
201212202
201212210
201212211
201212212
201212220
201212221
201212222
201220002
201220012
201220022
201220102
201220111
201220112
201220122
201220200
201220201
201220202
201220210
201220211
201220212
201220220
201220221
201220222
201221001
201221002
201221011
201221012
201221021
201221022
201221101
201221102
201221111
201221112
201221121
201221122
201221200
201221201
201221202
201221210
201221211
201221212
201221220
201221221
201221222
201222000
201222001
201222002
201222010
201222011
201222012
201222020
201222021
201222022
201222100
201222101
201222102
201222110
201222111
201222112
201222120
201222121
201222122
201222200
201222201
201222202
201222210
201222211
201222212
201222220
201222221
201222222
202000111
202000222
202001111
202001222
202002002
202002012
202002022
202002102
202002111
202002112
202002122
202002202
202002212
202002222
202010111
202010222
202011111
202011222
202012002
202012012
202012022
202012102
202012111
202012112
202012122
202012202
202012212
202012222
202020002
202020012
202020022
202020102
202020111
202020112
202020122
202020200
202020201
202020202
202020210
202020211
202020212
202020220
202020221
202020222
202021002
202021012
202021022
202021102
202021111
202021112
202021122
202021200
202021201
202021202
202021210
202021211
202021212
202021220
202021221
202021222
202022002
202022012
202022022
202022102
202022111
202022112
202022122
202022200
202022201
202022202
202022210
202022211
202022212
202022220
202022221
202022222
202100111
202100222
202101111
202101222
202102002
202102012
202102022
202102102
202102111
202102112
202102122
202102202
202102212
202102222
202110111
202110222
202111000
202111001
202111002
202111010
202111011
202111012
202111020
202111021
202111022
202111100
202111101
202111102
202111110
202111111
202111112
202111120
202111121
202111122
202111200
202111201
202111202
202111210
202111211
202111212
202111220
202111221
202111222
202112002
202112012
202112022
202112102
202112111
202112112
202112122
202112202
202112212
202112222
202120002
202120012
202120022
202120102
202120111
202120112
202120122
202120200
202120201
202120202
202120210
202120211
202120212
202120220
202120221
202120222
202121002
202121012
202121022
202121102
202121111
202121112
202121122
202121200
202121201
202121202
202121210
202121211
202121212
202121220
202121221
202121222
202122002
202122012
202122022
202122102
202122111
202122112
202122122
202122200
202122201
202122202
202122210
202122211
202122212
202122220
202122221
202122222
202200111
202200200
202200201
202200202
202200210
202200211
202200212
202200220
202200221
202200222
202201111
202201200
202201201
202201202
202201210
202201211
202201212
202201220
202201221
202201222
202202002
202202012
202202022
202202102
202202111
202202112
202202122
202202200
202202201
202202202
202202210
202202211
202202212
202202220
202202221
202202222
202210111
202210200
202210201
202210202
202210210
202210211
202210212
202210220
202210221
202210222
202211111
202211200
202211201
202211202
202211210
202211211
202211212
202211220
202211221
202211222
202212002
202212012
202212022
202212102
202212111
202212112
202212122
202212200
202212201
202212202
202212210
202212211
202212212
202212220
202212221
202212222
202220002
202220012
202220022
202220102
202220111
202220112
202220122
202220200
202220201
202220202
202220210
202220211
202220212
202220220
202220221
202220222
202221002
202221012
202221022
202221102
202221111
202221112
202221122
202221200
202221201
202221202
202221210
202221211
202221212
202221220
202221221
202221222
202222000
202222001
202222002
202222010
202222011
202222012
202222020
202222021
202222022
202222100
202222101
202222102
202222110
202222111
202222112
202222120
202222121
202222122
202222200
202222201
202222202
202222210
202222211
202222212
202222220
202222221
202222222
210000111
210000222
210001111
210001222
210002111
210002222
210010010
210010011
210010012
210010110
210010111
210010112
210010210
210010211
210010212
210010222
210011010
210011011
210011012
210011110
210011111
210011112
210011210
210011211
210011212
210011222
210012010
210012011
210012012
210012110
210012111
210012112
210012210
210012211
210012212
210012222
210020002
210020012
210020022
210020102
210020111
210020112
210020122
210020202
210020212
210020222
210021002
210021012
210021022
210021102
210021111
210021112
210021122
210021202
210021212
210021222
210022002
210022012
210022022
210022102
210022111
210022112
210022122
210022202
210022212
210022222
210100111
210100222
210101111
210101222
210102111
210102222
210110010
210110011
210110012
210110110
210110111
210110112
210110210
210110211
210110212
210110222
210111000
210111001
210111002
210111010
210111011
210111012
210111020
210111021
210111022
210111100
210111101
210111102
210111110
210111111
210111112
210111120
210111121
210111122
210111200
210111201
210111202
210111210
210111211
210111212
210111220
210111221
210111222
210112010
210112011
210112012
210112110
210112111
210112112
210112210
210112211
210112212
210112222
210120002
210120012
210120022
210120102
210120111
210120112
210120122
210120202
210120212
210120222
210121002
210121012
210121022
210121102
210121111
210121112
210121122
210121202
210121212
210121222
210122002
210122012
210122022
210122102
210122111
210122112
210122122
210122202
210122212
210122222
210200111
210200200
210200201
210200202
210200210
210200211
210200212
210200220
210200221
210200222
210201111
210201200
210201201
210201202
210201210
210201211
210201212
210201220
210201221
210201222
210202111
210202200
210202201
210202202
210202210
210202211
210202212
210202220
210202221
210202222
210210010
210210011
210210012
210210110
210210111
210210112
210210200
210210201
210210202
210210210
210210211
210210212
210210220
210210221
210210222
210211010
210211011
210211012
210211110
210211111
210211112
210211200
210211201
210211202
210211210
210211211
210211212
210211220
210211221
210211222
210212010
210212011
210212012
210212110
210212111
210212112
210212200
210212201
210212202
210212210
210212211
210212212
210212220
210212221
210212222
210220002
210220012
210220022
210220102
210220111
210220112
210220122
210220200
210220201
210220202
210220210
210220211
210220212
210220220
210220221
210220222
210221002
210221012
210221022
210221102
210221111
210221112
210221122
210221200
210221201
210221202
210221210
210221211
210221212
210221220
210221221
210221222
210222000
210222001
210222002
210222010
210222011
210222012
210222020
210222021
210222022
210222100
210222101
210222102
210222110
210222111
210222112
210222120
210222121
210222122
210222200
210222201
210222202
210222210
210222211
210222212
210222220
210222221
210222222
211000111
211000222
211001001
211001011
211001021
211001101
211001111
211001121
211001201
211001211
211001221
211001222
211002111
211002222
211010010
211010011
211010012
211010100
211010101
211010102
211010110
211010111
211010112
211010120
211010121
211010122
211010210
211010211
211010212
211010222
211011001
211011010
211011011
211011012
211011021
211011100
211011101
211011102
211011110
211011111
211011112
211011120
211011121
211011122
211011201
211011210
211011211
211011212
211011221
211011222
211012010
211012011
211012012
211012100
211012101
211012102
211012110
211012111
211012112
211012120
211012121
211012122
211012210
211012211
211012212
211012222
211020002
211020012
211020022
211020102
211020111
211020112
211020122
211020202
211020212
211020222
211021001
211021002
211021011
211021012
211021021
211021022
211021101
211021102
211021111
211021112
211021121
211021122
211021201
211021202
211021211
211021212
211021221
211021222
211022002
211022012
211022022
211022102
211022111
211022112
211022122
211022202
211022212
211022222
211100111
211100222
211101001
211101011
211101021
211101101
211101111
211101121
211101201
211101211
211101221
211101222
211102111
211102222
211110010
211110011
211110012
211110100
211110101
211110102
211110110
211110111
211110112
211110120
211110121
211110122
211110210
211110211
211110212
211110222
211111000
211111001
211111002
211111010
211111011
211111012
211111020
211111021
211111022
211111100
211111101
211111102
211111110
211111111
211111112
211111120
211111121
211111122
211111200
211111201
211111202
211111210
211111211
211111212
211111220
211111221
211111222
211112010
211112011
211112012
211112100
211112101
211112102
211112110
211112111
211112112
211112120
211112121
211112122
211112210
211112211
211112212
211112221
211112222
211120002
211120012
211120022
211120102
211120111
211120112
211120122
211120202
211120212
211120222
211121001
211121002
211121011
211121012
211121021
211121022
211121101
211121102
211121111
211121112
211121121
211121122
211121201
211121202
211121211
211121212
211121221
211121222
211122002
211122012
211122022
211122102
211122111
211122112
211122121
211122122
211122202
211122211
211122212
211122221
211122222
211200111
211200200
211200201
211200202
211200210
211200211
211200212
211200220
211200221
211200222
211201001
211201011
211201021
211201101
211201111
211201121
211201200
211201201
211201202
211201210
211201211
211201212
211201220
211201221
211201222
211202111
211202200
211202201
211202202
211202210
211202211
211202212
211202220
211202221
211202222
211210010
211210011
211210012
211210100
211210101
211210102
211210110
211210111
211210112
211210120
211210121
211210122
211210200
211210201
211210202
211210210
211210211
211210212
211210220
211210221
211210222
211211001
211211010
211211011
211211012
211211021
211211100
211211101
211211102
211211110
211211111
211211112
211211120
211211121
211211122
211211200
211211201
211211202
211211210
211211211
211211212
211211220
211211221
211211222
211212010
211212011
211212012
211212100
211212101
211212102
211212110
211212111
211212112
211212120
211212121
211212122
211212200
211212201
211212202
211212210
211212211
211212212
211212220
211212221
211212222
211220002
211220012
211220022
211220102
211220111
211220112
211220122
211220200
211220201
211220202
211220210
211220211
211220212
211220220
211220221
211220222
211221001
211221002
211221011
211221012
211221021
211221022
211221101
211221102
211221111
211221112
211221121
211221122
211221200
211221201
211221202
211221210
211221211
211221212
211221220
211221221
211221222
211222000
211222001
211222002
211222010
211222011
211222012
211222020
211222021
211222022
211222100
211222101
211222102
211222110
211222111
211222112
211222120
211222121
211222122
211222200
211222201
211222202
211222210
211222211
211222212
211222220
211222221
211222222
212000111
212000222
212001111
212001222
212002002
212002012
212002022
212002102
212002111
212002112
212002122
212002202
212002212
212002222
212010010
212010011
212010012
212010110
212010111
212010112
212010210
212010211
212010212
212010222
212011010
212011011
212011012
212011110
212011111
212011112
212011210
212011211
212011212
212011222
212012002
212012010
212012011
212012012
212012022
212012102
212012110
212012111
212012112
212012122
212012202
212012210
212012211
212012212
212012222
212020002
212020012
212020022
212020102
212020111
212020112
212020122
212020200
212020201
212020202
212020210
212020211
212020212
212020220
212020221
212020222
212021002
212021012
212021022
212021102
212021111
212021112
212021122
212021200
212021201
212021202
212021210
212021211
212021212
212021220
212021221
212021222
212022002
212022012
212022022
212022102
212022111
212022112
212022122
212022200
212022201
212022202
212022210
212022211
212022212
212022220
212022221
212022222
212100111
212100222
212101111
212101222
212102002
212102012
212102022
212102102
212102111
212102112
212102122
212102202
212102212
212102222
212110010
212110011
212110012
212110110
212110111
212110112
212110210
212110211
212110212
212110222
212111000
212111001
212111002
212111010
212111011
212111012
212111020
212111021
212111022
212111100
212111101
212111102
212111110
212111111
212111112
212111120
212111121
212111122
212111200
212111201
212111202
212111210
212111211
212111212
212111220
212111221
212111222
212112002
212112010
212112011
212112012
212112022
212112102
212112110
212112111
212112112
212112121
212112122
212112202
212112210
212112211
212112212
212112221
212112222
212120002
212120012
212120022
212120102
212120111
212120112
212120122
212120200
212120201
212120202
212120210
212120211
212120212
212120220
212120221
212120222
212121002
212121012
212121022
212121102
212121111
212121112
212121121
212121122
212121200
212121201
212121202
212121210
212121211
212121212
212121220
212121221
212121222
212122002
212122012
212122022
212122102
212122111
212122112
212122121
212122122
212122200
212122201
212122202
212122210
212122211
212122212
212122220
212122221
212122222
212200111
212200200
212200201
212200202
212200210
212200211
212200212
212200220
212200221
212200222
212201111
212201200
212201201
212201202
212201210
212201211
212201212
212201220
212201221
212201222
212202002
212202012
212202022
212202102
212202111
212202112
212202122
212202200
212202201
212202202
212202210
212202211
212202212
212202220
212202221
212202222
212210010
212210011
212210012
212210110
212210111
212210112
212210200
212210201
212210202
212210210
212210211
212210212
212210220
212210221
212210222
212211010
212211011
212211012
212211110
212211111
212211112
212211121
212211122
212211200
212211201
212211202
212211210
212211211
212211212
212211220
212211221
212211222
212212002
212212010
212212011
212212012
212212022
212212102
212212110
212212111
212212112
212212121
212212122
212212200
212212201
212212202
212212210
212212211
212212212
212212220
212212221
212212222
212220002
212220012
212220022
212220102
212220111
212220112
212220122
212220200
212220201
212220202
212220210
212220211
212220212
212220220
212220221
212220222
212221002
212221012
212221022
212221102
212221111
212221112
212221121
212221122
212221200
212221201
212221202
212221210
212221211
212221212
212221220
212221221
212221222
212222000
212222001
212222002
212222010
212222011
212222012
212222020
212222021
212222022
212222100
212222101
212222102
212222110
212222111
212222112
212222120
212222121
212222122
212222200
212222201
212222202
212222210
212222211
212222212
212222220
212222221
212222222
220000111
220000222
220001111
220001222
220002111
220002222
220010111
220010222
220011111
220011222
220012111
220012222
220020002
220020012
220020020
220020021
220020022
220020102
220020111
220020112
220020120
220020121
220020122
220020202
220020212
220020220
220020221
220020222
220021002
220021012
220021020
220021021
220021022
220021102
220021111
220021112
220021120
220021121
220021122
220021202
220021212
220021220
220021221
220021222
220022002
220022012
220022020
220022021
220022022
220022102
220022111
220022112
220022120
220022121
220022122
220022202
220022212
220022220
220022221
220022222
220100111
220100222
220101111
220101222
220102111
220102222
220110111
220110222
220111000
220111001
220111002
220111010
220111011
220111012
220111020
220111021
220111022
220111100
220111101
220111102
220111110
220111111
220111112
220111120
220111121
220111122
220111200
220111201
220111202
220111210
220111211
220111212
220111220
220111221
220111222
220112111
220112222
220120002
220120012
220120020
220120021
220120022
220120102
220120111
220120112
220120120
220120121
220120122
220120202
220120212
220120220
220120221
220120222
220121002
220121012
220121020
220121021
220121022
220121102
220121111
220121112
220121120
220121121
220121122
220121202
220121212
220121220
220121221
220121222
220122002
220122012
220122020
220122021
220122022
220122102
220122111
220122112
220122120
220122121
220122122
220122202
220122212
220122220
220122221
220122222
220200111
220200200
220200201
220200202
220200210
220200211
220200212
220200220
220200221
220200222
220201111
220201200
220201201
220201202
220201210
220201211
220201212
220201220
220201221
220201222
220202111
220202200
220202201
220202202
220202210
220202211
220202212
220202220
220202221
220202222
220210111
220210200
220210201
220210202
220210210
220210211
220210212
220210220
220210221
220210222
220211111
220211200
220211201
220211202
220211210
220211211
220211212
220211220
220211221
220211222
220212111
220212200
220212201
220212202
220212210
220212211
220212212
220212220
220212221
220212222
220220002
220220012
220220020
220220021
220220022
220220102
220220111
220220112
220220120
220220121
220220122
220220200
220220201
220220202
220220210
220220211
220220212
220220220
220220221
220220222
220221002
220221012
220221020
220221021
220221022
220221102
220221111
220221112
220221120
220221121
220221122
220221200
220221201
220221202
220221210
220221211
220221212
220221220
220221221
220221222
220222000
220222001
220222002
220222010
220222011
220222012
220222020
220222021
220222022
220222100
220222101
220222102
220222110
220222111
220222112
220222120
220222121
220222122
220222200
220222201
220222202
220222210
220222211
220222212
220222220
220222221
220222222
221000111
221000222
221001001
221001011
221001021
221001101
221001111
221001121
221001201
221001211
221001221
221001222
221002111
221002222
221010100
221010101
221010102
221010110
221010111
221010112
221010120
221010121
221010122
221010222
221011001
221011011
221011021
221011100
221011101
221011102
221011110
221011111
221011112
221011120
221011121
221011122
221011201
221011211
221011221
221011222
221012100
221012101
221012102
221012110
221012111
221012112
221012120
221012121
221012122
221012222
221020002
221020012
221020020
221020021
221020022
221020102
221020111
221020112
221020120
221020121
221020122
221020202
221020212
221020220
221020221
221020222
221021001
221021002
221021011
221021012
221021020
221021021
221021022
221021101
221021102
221021111
221021112
221021120
221021121
221021122
221021201
221021202
221021211
221021212
221021220
221021221
221021222
221022002
221022012
221022020
221022021
221022022
221022102
221022111
221022112
221022120
221022121
221022122
221022202
221022212
221022220
221022221
221022222
221100111
221100222
221101001
221101011
221101021
221101101
221101111
221101121
221101201
221101211
221101221
221101222
221102111
221102222
221110100
221110101
221110102
221110110
221110111
221110112
221110120
221110121
221110122
221110222
221111000
221111001
221111002
221111010
221111011
221111012
221111020
221111021
221111022
221111100
221111101
221111102
221111110
221111111
221111112
221111120
221111121
221111122
221111200
221111201
221111202
221111210
221111211
221111212
221111220
221111221
221111222
221112100
221112101
221112102
221112110
221112111
221112112
221112120
221112121
221112122
221112211
221112212
221112221
221112222
221120002
221120012
221120020
221120021
221120022
221120102
221120111
221120112
221120120
221120121
221120122
221120202
221120212
221120220
221120221
221120222
221121001
221121002
221121011
221121012
221121020
221121021
221121022
221121101
221121102
221121111
221121112
221121120
221121121
221121122
221121201
221121202
221121211
221121212
221121220
221121221
221121222
221122002
221122012
221122020
221122021
221122022
221122102
221122111
221122112
221122120
221122121
221122122
221122202
221122211
221122212
221122220
221122221
221122222
221200111
221200200
221200201
221200202
221200210
221200211
221200212
221200220
221200221
221200222
221201001
221201011
221201021
221201101
221201111
221201121
221201200
221201201
221201202
221201210
221201211
221201212
221201220
221201221
221201222
221202111
221202200
221202201
221202202
221202210
221202211
221202212
221202220
221202221
221202222
221210100
221210101
221210102
221210110
221210111
221210112
221210120
221210121
221210122
221210200
221210201
221210202
221210210
221210211
221210212
221210220
221210221
221210222
221211001
221211011
221211021
221211100
221211101
221211102
221211110
221211111
221211112
221211120
221211121
221211122
221211200
221211201
221211202
221211210
221211211
221211212
221211220
221211221
221211222
221212100
221212101
221212102
221212110
221212111
221212112
221212120
221212121
221212122
221212200
221212201
221212202
221212210
221212211
221212212
221212220
221212221
221212222
221220002
221220012
221220020
221220021
221220022
221220102
221220111
221220112
221220120
221220121
221220122
221220200
221220201
221220202
221220210
221220211
221220212
221220220
221220221
221220222
221221001
221221002
221221011
221221012
221221020
221221021
221221022
221221101
221221102
221221111
221221112
221221120
221221121
221221122
221221200
221221201
221221202
221221210
221221211
221221212
221221220
221221221
221221222
221222000
221222001
221222002
221222010
221222011
221222012
221222020
221222021
221222022
221222100
221222101
221222102
221222110
221222111
221222112
221222120
221222121
221222122
221222200
221222201
221222202
221222210
221222211
221222212
221222220
221222221
221222222
222000000
222000001
222000002
222000010
222000011
222000012
222000020
222000021
222000022
222000100
222000101
222000102
222000110
222000111
222000112
222000120
222000121
222000122
222000200
222000201
222000202
222000210
222000211
222000212
222000220
222000221
222000222
222001000
222001001
222001002
222001010
222001011
222001012
222001020
222001021
222001022
222001100
222001101
222001102
222001110
222001111
222001112
222001120
222001121
222001122
222001200
222001201
222001202
222001210
222001211
222001212
222001220
222001221
222001222
222002000
222002001
222002002
222002010
222002011
222002012
222002020
222002021
222002022
222002100
222002101
222002102
222002110
222002111
222002112
222002120
222002121
222002122
222002200
222002201
222002202
222002210
222002211
222002212
222002220
222002221
222002222
222010000
222010001
222010002
222010010
222010011
222010012
222010020
222010021
222010022
222010100
222010101
222010102
222010110
222010111
222010112
222010120
222010121
222010122
222010200
222010201
222010202
222010210
222010211
222010212
222010220
222010221
222010222
222011000
222011001
222011002
222011010
222011011
222011012
222011020
222011021
222011022
222011100
222011101
222011102
222011110
222011111
222011112
222011120
222011121
222011122
222011200
222011201
222011202
222011210
222011211
222011212
222011220
222011221
222011222
222012000
222012001
222012002
222012010
222012011
222012012
222012020
222012021
222012022
222012100
222012101
222012102
222012110
222012111
222012112
222012120
222012121
222012122
222012200
222012201
222012202
222012210
222012211
222012212
222012220
222012221
222012222
222020000
222020001
222020002
222020010
222020011
222020012
222020020
222020021
222020022
222020100
222020101
222020102
222020110
222020111
222020112
222020120
222020121
222020122
222020200
222020201
222020202
222020210
222020211
222020212
222020220
222020221
222020222
222021000
222021001
222021002
222021010
222021011
222021012
222021020
222021021
222021022
222021100
222021101
222021102
222021110
222021111
222021112
222021120
222021121
222021122
222021200
222021201
222021202
222021210
222021211
222021212
222021220
222021221
222021222
222022000
222022001
222022002
222022010
222022011
222022012
222022020
222022021
222022022
222022100
222022101
222022102
222022110
222022111
222022112
222022120
222022121
222022122
222022200
222022201
222022202
222022210
222022211
222022212
222022220
222022221
222022222
222100000
222100001
222100002
222100010
222100011
222100012
222100020
222100021
222100022
222100100
222100101
222100102
222100110
222100111
222100112
222100120
222100121
222100122
222100200
222100201
222100202
222100210
222100211
222100212
222100220
222100221
222100222
222101000
222101001
222101002
222101010
222101011
222101012
222101020
222101021
222101022
222101100
222101101
222101102
222101110
222101111
222101112
222101120
222101121
222101122
222101200
222101201
222101202
222101210
222101211
222101212
222101220
222101221
222101222
222102000
222102001
222102002
222102010
222102011
222102012
222102020
222102021
222102022
222102100
222102101
222102102
222102110
222102111
222102112
222102120
222102121
222102122
222102200
222102201
222102202
222102210
222102211
222102212
222102220
222102221
222102222
222110000
222110001
222110002
222110010
222110011
222110012
222110020
222110021
222110022
222110100
222110101
222110102
222110110
222110111
222110112
222110120
222110121
222110122
222110200
222110201
222110202
222110210
222110211
222110212
222110220
222110221
222110222
222111000
222111001
222111002
222111010
222111011
222111012
222111020
222111021
222111022
222111100
222111101
222111102
222111110
222111111
222111112
222111120
222111121
222111122
222111200
222111201
222111202
222111210
222111211
222111212
222111220
222111221
222111222
222112000
222112001
222112002
222112010
222112011
222112012
222112020
222112021
222112022
222112100
222112101
222112102
222112110
222112111
222112112
222112120
222112121
222112122
222112200
222112201
222112202
222112210
222112211
222112212
222112220
222112221
222112222
222120000
222120001
222120002
222120010
222120011
222120012
222120020
222120021
222120022
222120100
222120101
222120102
222120110
222120111
222120112
222120120
222120121
222120122
222120200
222120201
222120202
222120210
222120211
222120212
222120220
222120221
222120222
222121000
222121001
222121002
222121010
222121011
222121012
222121020
222121021
222121022
222121100
222121101
222121102
222121110
222121111
222121112
222121120
222121121
222121122
222121200
222121201
222121202
222121210
222121211
222121212
222121220
222121221
222121222
222122000
222122001
222122002
222122010
222122011
222122012
222122020
222122021
222122022
222122100
222122101
222122102
222122110
222122111
222122112
222122120
222122121
222122122
222122200
222122201
222122202
222122210
222122211
222122212
222122220
222122221
222122222
222200000
222200001
222200002
222200010
222200011
222200012
222200020
222200021
222200022
222200100
222200101
222200102
222200110
222200111
222200112
222200120
222200121
222200122
222200200
222200201
222200202
222200210
222200211
222200212
222200220
222200221
222200222
222201000
222201001
222201002
222201010
222201011
222201012
222201020
222201021
222201022
222201100
222201101
222201102
222201110
222201111
222201112
222201120
222201121
222201122
222201200
222201201
222201202
222201210
222201211
222201212
222201220
222201221
222201222
222202000
222202001
222202002
222202010
222202011
222202012
222202020
222202021
222202022
222202100
222202101
222202102
222202110
222202111
222202112
222202120
222202121
222202122
222202200
222202201
222202202
222202210
222202211
222202212
222202220
222202221
222202222
222210000
222210001
222210002
222210010
222210011
222210012
222210020
222210021
222210022
222210100
222210101
222210102
222210110
222210111
222210112
222210120
222210121
222210122
222210200
222210201
222210202
222210210
222210211
222210212
222210220
222210221
222210222
222211000
222211001
222211002
222211010
222211011
222211012
222211020
222211021
222211022
222211100
222211101
222211102
222211110
222211111
222211112
222211120
222211121
222211122
222211200
222211201
222211202
222211210
222211211
222211212
222211220
222211221
222211222
222212000
222212001
222212002
222212010
222212011
222212012
222212020
222212021
222212022
222212100
222212101
222212102
222212110
222212111
222212112
222212120
222212121
222212122
222212200
222212201
222212202
222212210
222212211
222212212
222212220
222212221
222212222
222220000
222220001
222220002
222220010
222220011
222220012
222220020
222220021
222220022
222220100
222220101
222220102
222220110
222220111
222220112
222220120
222220121
222220122
222220200
222220201
222220202
222220210
222220211
222220212
222220220
222220221
222220222
222221000
222221001
222221002
222221010
222221011
222221012
222221020
222221021
222221022
222221100
222221101
222221102
222221110
222221111
222221112
222221120
222221121
222221122
222221200
222221201
222221202
222221210
222221211
222221212
222221220
222221221
222221222
222222000
222222001
222222002
222222010
222222011
222222012
222222020
222222021
222222022
222222100
222222101
222222102
222222110
222222111
222222112
222222120
222222121
222222122
222222200
222222201
222222202
222222210
222222211
222222212
222222220
222222221
222222222