000001022
000001202
000001220
000002012
000002102
000002112
000010022
000010202
000010220
000011022
000011202
000011220
000012002
000012012
000012102
000012112
000012122
000012212
000020012
000020021
000020102
000020112
000020120
000020121
000020201
000020210
000020211
000021002
000021012
000021020
000021021
000021102
000021112
000021120
000021121
000021122
000021200
000021201
000021210
000021211
000021212
000021221
000022001
000022010
000022011
000022100
000022101
000022110
000022112
000022121
000022211
000100022
000100202
000100220
000101022
000101202
000101220
000102002
000102012
000102102
000102112
000102122
000102212
000110022
000110202
000110220
000112002
000112012
000112022
000112102
000112122
000112202
000112212
000112220
000120002
000120012
000120020
000120021
000120102
000120112
000120120
000120121
000120122
000120200
000120201
000120210
000120211
000120212
000120221
000121002
000121012
000121020
000121021
000121022
000121102
000121120
000121122
000121200
000121201
000121202
000121210
000121212
000121220
000121221
000122012
000122021
000122102
000122112
000122120
000122121
000122201
000122210
000122211
000200201
000200210
000200211
000201200
000201201
000201210
000201211
000201212
000201221
000202001
000202010
000202011
000202100
000202101
000202110
000202112
000202121
000202211
000210200
000210201
000210210
000210211
000210212
000210221
000211022
000211200
000211201
000211202
000211210
000211212
000211220
000211221
000212012
000212102
000212112
000212201
000212210
000212211
000220001
000220010
000220011
000220100
000220101
000220110
000220112
000220121
000220211
000221012
000221021
000221102
000221112
000221120
000221121
000221201
000221210
000221211
001000022
001000202
001000220
001001022
001001202
001001220
001002002
001002012
001002102
001002112
001002122
001002212
001010022
001010202
001010220
001011022
001011202
001011220
001012002
001012012
001012022
001012202
001012212
001012220
001020002
001020012
001020020
001020021
001020102
001020112
001020120
001020121
001020122
001020212
001020221
001021002
001021012
001021020
001021022
001021102
001021120
001021122
001021202
001021212
001021220
001022000
001022001
001022010
001022011
001022012
001022021
001022100
001022101
001022102
001022110
001022112
001022120
001022121
001022201
001022210
001022211
001100022
001100202
001100220
001101022
001101202
001101220
001102002
001102012
001102022
001102102
001102122
001102202
001102212
001102220
001110022
001110202
001110220
001112002
001112022
001112202
001112212
001112220
001120002
001120012
001120020
001120021
001120022
001120102
001120120
001120122
001120202
001120212
001120220
001120221
001121002
001121020
001121022
001121122
001121202
001121212
001121220
001122002
001122012
001122020
001122021
001122102
001122112
001122120
001122121
001122122
001122212
001122221
001200200
001200201
001200210
001200211
001200212
001200221
001201022
001201200
001201202
001201210
001201212
001201220
001202000
001202001
001202010
001202011
001202012
001202021
001202100
001202101
001202102
001202110
001202112
001202120
001202121
001202201
001202210
001202211
001210022
001210200
001210201
001210202
001210210
001210212
001210220
001210221
001211022
001211200
001211202
001211212
001211220
001212002
001212012
001212200
001212201
001212210
001212211
001212212
001212221
001220000
001220001
001220010
001220011
001220012
001220021
001220100
001220101
001220102
001220110
001220112
001220120
001220121
001220201
001220210
001220211
001221002
001221012
001221020
001221102
001221112
001221120
001221122
001221200
001221210
001221212
002000012
002000102
002000112
002000201
002000210
002000211
002001002
002001012
002001102
002001112
002001122
002001200
002001201
002001210
002001211
002001212
002001221
002002001
002002010
002002011
002002100
002002101
002002110
002002121
002002211
002010002
002010012
002010102
002010112
002010122
002010212
002011002
002011012
002011022
002011102
002011122
002011202
002011212
002011220
002012000
002012001
002012010
002012011
002012021
002012100
002012101
002012110
002012120
002012121
002012201
002012210
002012211
002020001
002020010
002020011
002020112
002020121
002021000
002021001
002021010
002021011
002021012
002021021
002021102
002021112
002021120
002021121
002022011
002022101
002022110
002100002
002100012
002100102
002100112
002100122
002100200
002100201
002100210
002100211
002100212
002100221
002101002
002101012
002101022
002101102
002101122
002101200
002101201
002101202
002101210
002101212
002101220
002101221
002102000
002102001
002102010
002102011
002102021
002102100
002102101
002102110
002102120
002102121
002102201
002102210
002102211
002110002
002110012
002110022
002110102
002110122
002110202
002110212
002110220
002112000
002112001
002112010
002112020
002112021
002112100
002112120
002112121
002112200
002112201
002112210
002112211
002112221
002120000
002120001
002120010
002120011
002120012
002120021
002120102
002120112
002120120
002120121
002121000
002121001
002121002
002121010
002121012
002121020
002121021
002121102
002121112
002121120
002121121
002121122
002122001
002122010
002122011
002122100
002122101
002122110
002122121
002200112
002200211
002201012
002201102
002201112
002201201
002201210
002201211
002202011
002202101
002202110
002210012
002210102
002210112
002210201
002210210
002210211
002211002
002211012
002211102
002211112
002211122
002211200
002211201
002211210
002211211
002211212
002211221
002212001
002212010
002212011
002212100
002212101
002212110
002212121
002212211
002220011
002220101
002220110
002221001
002221010
002221011
002221112
002221121
010000022
010000202
010000220
010001022
010001202
010001220
010010022
010010202
010010220
010011022
010011202
010011220
010012022
010012202
010012220
010020002
010020012
010020102
010020112
010020122
010020200
010020201
010020210
010020211
010020212
010020221
010021002
010021012
010021022
010021102
010021122
010021200
010021201
010021202
010021210
010021212
010021220
010021221
010022000
010022001
010022010
010022011
010022012
010022021
010022100
010022101
010022102
010022110
010022112
010022120
010022121
010022201
010022210
010022211
010100022
010100202
010100220
010101022
010101202
010101220
010102022
010102202
010102220
010110022
010110202
010110220
010112022
010112202
010112220
010120002
010120012
010120022
010120102
010120122
010120200
010120201
010120202
010120210
010120212
010120220
010120221
010121002
010121022
010121122
010121200
010121202
010121212
010121220
010121221
010122002
010122012
010122102
010122112
010122122
010122200
010122201
010122210
010122211
010122212
010122221
010200200
010200201
010200210
010200211
010200212
010200221
010201022
010201200
010201201
010201202
010201210
010201212
010201220
010201221
010202000
010202001
010202010
010202011
010202012
010202021
010202100
010202101
010202102
010202110
010202112
010202120
010202121
010202201
010202210
010202211
010210022
010210200
010210201
010210202
010210220
010210221
010211022
010211200
010211202
010211220
010211221
010212200
010212201
010212221
010220000
010220001
010220010
010220011
010220012
010220021
010220100
010220101
010220102
010220110
010220112
010220120
010220121
010220201
010220210
010220211
010221002
010221012
010221102
010221112
010221122
010221200
010221201
010221210
010221211
010221212
010221221
011000022
011000202
011000220
011001022
011001202
011001220
011002022
011002202
011002220
011010022
011010202
011010220
011012022
011012202
011012220
011020002
011020012
011020022
011020102
011020122
011020202
011020212
011020220
011021002
011021022
011021122
011021202
011021212
011021220
011022000
011022001
011022002
011022010
011022012
011022020
011022021
011022100
011022102
011022112
011022120
011022121
011022122
011022200
011022201
011022210
011022211
011022212
011022221
011100022
011100202
011100220
011102022
011102202
011102220
011112022
011112202
011112220
011120002
011120022
011120122
011120202
011120212
011120220
011121022
011121202
011121220
011122002
011122012
011122022
011122102
011122122
011122202
011122212
011122220
011200022
011200200
011200201
011200202
011200210
011200212
011200220
011200221
011201022
011201200
011201202
011201212
011201220
011202000
011202001
011202002
011202010
011202012
011202020
011202021
011202100
011202102
011202112
011202120
011202121
011202122
011202200
011202201
011202210
011202211
011202212
011202221
011210022
011210200
011210202
011210220
011210221
011211022
011211202
011211220
011212022
011212200
011212201
011212202
011212220
011212221
011220000
011220001
011220002
011220010
011220012
011220020
011220021
011220100
011220102
011220112
011220120
011220121
011220122
011220200
011220201
011220210
011220211
011220212
011220221
011221002
011221012
011221022
011221102
011221122
011221200
011221202
011221210
011221212
011221220
012000200
012000201
012000210
012000211
012000212
012000221
012001022
012001200
012001201
012001202
012001210
012001212
012001220
012001221
012002201
012002210
012002211
012010022
012010202
012010220
012011022
012011202
012011220
012020000
012020001
012020010
012020011
012020012
012020021
012020102
012020112
012021000
012021001
012021002
012021010
012021012
012021020
012021021
012021102
012021112
012021122
012022001
012022010
012022011
012022100
012022101
012022110
012022121
012100022
012100200
012100201
012100202
012100210
012100212
012100220
012100221
012101022
012101200
012101202
012101212
012101220
012101221
012102200
012102201
012102210
012102211
012102221
012110022
012110202
012110220
012112220
012120000
012120001
012120002
012120010
012120012
012120020
012120021
012120102
012120112
012120122
012121000
012121002
012121012
012121020
012121021
012121022
012121102
012121122
012122000
012122001
012122010
012122011
012122021
012200201
012200210
012200211
012201200
012201201
012201210
012201211
012201212
012201221
012202001
012202010
012202011
012202100
012202101
012202110
012202121
012202211
012210200
012210201
012210221
012211022
012211200
012211201
012211202
012211220
012211221
012212201
012220001
012220010
012220011
012220100
012220101
012220110
012220112
012220121
012221000
012221001
012221010
012221011
012221012
012221021
012221102
012221112
020011022
020011202
020011220
020020112
020020211
020021012
020021102
020021112
020021201
020021210
020021211
020022011
020022101
020022110
020101022
020101202
020101220
020110022
020110202
020110220
020120012
020120102
020120112
020120201
020120210
020120211
020121002
020121012
020121102
020121112
020121200
020121201
020121210
020121211
020121212
020122112
020122211
020200211
020201201
020201210
020201211
020202011
020202101
020202110
020210201
020210210
020210211
020211200
020211201
020211210
020211211
020211212
020211221
020212211
020220011
020220101
020220110
020221112
020221211
021001022
021001202
021001220
021010022
021010202
021010220
021011022
021011202
021011220
021020012
021020102
021020112
021021002
021021012
021021102
021021112
021021212
021022001
021022010
021022011
021022100
021022101
021022110
021022112
021022211
021100022
021100202
021100220
021101022
021101202
021101220
021110022
021110202
021110220
021112022
021112202
021112220
021120002
021120012
021120102
021120112
021120212
021121002
021121012
021121102
021121202
021121212
021122012
021122102
021122112
021200201
021200210
021200211
021201200
021201210
021201212
021202001
021202010
021202011
021202100
021202101
021202110
021202112
021202121
021202211
021210200
021210201
021210210
021210211
021210212
021210221
021211022
021211200
021211202
021211210
021211212
021211220
021212201
021212210
021212211
021220001
021220010
021220011
021220100
021220101
021220110
021220112
021220211
021221012
021221102
021221112
021221210
022000001
022000010
022000011
022000100
022000101
022000110
022000112
022000121
022000211
022001000
022001001
022001010
022001011
022001012
022001021
022001100
022001101
022001102
022001110
022001112
022001120
022001121
022001201
022001210
022001211
022002011
022002101
022002110
022010000
022010001
022010010
022010011
022010012
022010021
022010100
022010101
022010102
022010110
022010112
022010120
022010121
022010201
022010210
022010211
022011000
022011001
022011002
022011010
022011012
022011020
022011021
022011100
022011102
022011112
022011120
022011121
022011122
022011200
022011201
022011210
022011211
022011212
022011221
022012001
022012010
022012011
022012100
022012101
022012110
022012121
022012211
022020011
022020101
022020110
022021001
022021010
022021011
022021100
022021101
022021110
022021112
022100000
022100001
022100010
022100011
022100012
022100021
022100100
022100101
022100102
022100110
022100112
022100120
022100121
022100201
022100210
022100211
022101000
022101001
022101002
022101010
022101012
022101020
022101021
022101100
022101102
022101112
022101120
022101121
022101122
022101200
022101201
022101210
022101211
022101212
022101221
022102001
022102010
022102011
022102100
022102101
022102110
022102121
022102211
022110000
022110001
022110002
022110010
022110012
022110020
022110021
022110100
022110102
022110112
022110120
022110121
022110122
022110200
022110201
022110210
022110211
022110212
022110221
022112000
022112001
022112010
022112011
022112021
022112100
022112101
022112110
022112120
022112121
022112201
022112210
022112211
022120001
022120010
022120011
022120100
022120101
022120110
022120112
022121000
022121001
022121010
022121011
022121012
022121100
022121101
022121102
022121110
022121112
022122011
022122101
022122110
022200011
022200101
022200110
022201001
022201010
022201011
022201100
022201101
022201110
022201112
022201121
022201211
022210001
022210010
022210011
022210100
022210101
022210110
022210112
022210121
022210211
022211000
022211001
022211010
022211011
022211012
022211021
022211100
022211101
022211102
022211110
022211112
022211120
022211121
022211201
022211210
022211211
022212011
022212101
022212110
022221011
022221101
022221110
100000022
100000202
100000220
100001022
100001202
100001220
100002002
100002012
100002102
100002112
100002122
100002212
100010022
100010202
100010220
100011022
100011202
100011220
100012002
100012012
100012022
100012102
100012122
100012202
100012212
100012220
100020020
100020021
100020120
100020121
100020122
100020200
100020201
100020210
100020211
100020212
100020221
100021020
100021021
100021022
100021120
100021122
100021200
100021201
100021202
100021210
100021212
100021220
100021221
100022000
100022001
100022010
100022011
100022012
100022021
100022100
100022101
100022102
100022110
100022112
100022120
100022121
100022201
100022210
100022211
100100022
100100202
100100220
100101022
100101202
100101220
100102002
100102012
100102022
100102202
100102212
100102220
100110022
100110202
100110220
100112002
100112022
100112202
100112212
100112220
100120020
100120021
100120022
100120200
100120201
100120202
100120210
100120212
100120220
100120221
100121020
100121022
100121200
100121202
100121212
100121220
100121221
100122002
100122012
100122020
100122021
100122200
100122201
100122210
100122211
100122212
100122221
100201022
100201202
100201220
100202000
100202001
100202010
100202011
100202012
100202021
100202100
100202101
100202102
100202110
100202112
100202120
100202121
100202201
100202210
100202211
100210022
100210202
100210220
100211022
100211202
100211220
100212002
100212012
100212102
100212112
100212122
100212212
100220000
100220001
100220010
100220011
100220012
100220021
100220100
100220101
100220102
100220110
100220112
100220120
100220121
100220201
100220210
100220211
100221020
100221021
100221120
100221121
100221122
100221200
100221201
100221210
100221211
100221212
100221221
101000022
101000202
101000220
101001022
101001202
101001220
101002002
101002012
101002022
101002102
101002122
101002202
101002212
101002220
101010022
101010202
101010220
101012002
101012022
101012202
101012212
101012220
101020020
101020021
101020022
101020120
101020122
101020202
101020220
101020221
101021020
101021022
101021122
101021202
101021220
101022000
101022001
101022002
101022010
101022012
101022020
101022021
101022100
101022102
101022112
101022120
101022121
101022122
101022200
101022201
101022210
101022211
101022212
101022221
101100022
101100202
101100220
101102002
101102022
101102202
101102212
101102220
101112022
101112202
101112220
101120020
101120022
101120202
101120220
101120221
101121022
101121202
101121220
101122002
101122012
101122020
101122021
101122022
101122202
101122212
101122220
101122221
101200022
101200202
101200220
101201022
101201202
101201220
101202000
101202001
101202002
101202010
101202012
101202020
101202021
101202100
101202102
101202112
101202120
101202121
101202122
101202200
101202201
101202210
101202211
101202212
101202221
101210022
101210202
101210220
101211022
101211202
101211220
101212002
101212012
101212022
101212202
101212212
101212220
101220000
101220001
101220002
101220010
101220012
101220020
101220021
101220100
101220102
101220112
101220120
101220121
101220122
101220200
101220201
101220210
101220211
101220212
101220221
101221020
101221022
101221120
101221122
101221202
101221220
102000002
102000012
102000102
102000112
102000122
102000200
102000201
102000210
102000211
102000212
102000221
102001002
102001012
102001022
102001102
102001122
102001200
102001201
102001202
102001210
102001212
102001220
102001221
102002000
102002001
102002010
102002011
102002021
102002100
102002101
102002110
102002120
102002121
102002201
102002210
102002211
102010002
102010012
102010022
102010102
102010122
102010202
102010212
102010220
102011002
102011022
102011122
102011202
102011212
102011220
102012000
102012010
102012020
102012100
102012120
102012200
102012210
102020000
102020001
102020010
102020011
102020012
102020021
102020102
102020112
102020120
102020121
102021000
102021001
102021002
102021010
102021012
102021020
102021021
102021102
102021112
102021120
102021121
102021122
102022001
102022010
102022011
102022100
102022101
102022110
102022121
102100002
102100012
102100022
102100200
102100201
102100202
102100210
102100212
102100220
102100221
102101002
102101022
102101200
102101202
102101212
102101220
102101221
102102000
102102001
102102010
102102020
102102021
102102200
102102201
102102210
102102211
102102221
102110002
102110022
102110202
102110212
102110220
102112000
102112020
102112200
102112210
102112220
102120000
102120001
102120002
102120010
102120012
102120020
102120021
102121000
102121002
102121012
102121020
102121021
102121022
102122000
102122001
102122010
102122011
102122021
102200012
102200102
102200112
102200201
102200210
102200211
102201002
102201012
102201102
102201112
102201122
102201200
102201201
102201210
102201211
102201212
102201221
102202001
102202010
102202011
102202100
102202101
102202110
102202121
102202211
102210002
102210012
102210102
102210112
102210122
102210212
102211002
102211012
102211022
102211102
102211122
102211202
102211212
102211220
102212000
102212010
102212100
102212110
102212120
102212210
102220001
102220010
102220011
102220100
102220101
102220110
102220112
102220121
102221000
102221001
102221010
102221011
102221012
102221021
102221102
102221112
102221120
102221121
110000022
110000202
110000220
110001022
110001202
110001220
110002022
110002202
110002220
110010022
110010202
110010220
110012022
110012202
110012220
110020022
110020200
110020201
110020202
110020210
110020212
110020220
110020221
110021022
110021200
110021202
110021212
110021220
110021221
110022000
110022001
110022002
110022010
110022012
110022020
110022021
110022100
110022102
110022112
110022120
110022121
110022122
110022200
110022201
110022210
110022211
110022212
110022221
110100022
110100202
110100220
110102022
110102202
110102220
110112022
110112202
110112220
110120022
110120200
110120202
110120212
110120220
110120221
110121022
110121202
110121220
110122022
110122200
110122201
110122202
110122210
110122212
110122220
110122221
110200022
110200202
110200220
110201022
110201202
110201220
110202000
110202001
110202002
110202010
110202012
110202020
110202021
110202100
110202102
110202112
110202120
110202121
110202122
110202200
110202201
110202210
110202211
110202212
110202221
110210022
110210202
110210220
110211022
110211202
110211220
110212022
110212202
110212220
110220000
110220001
110220002
110220010
110220012
110220020
110220021
110220100
110220102
110220112
110220120
110220121
110220122
110220200
110220201
110220210
110220211
110220212
110220221
110221022
110221200
110221201
110221202
110221210
110221212
110221220
110221221
112000022
112000200
112000201
112000202
112000210
112000212
112000220
112000221
112001022
112001200
112001202
112001212
112001220
112001221
112002200
112002201
112002210
112002211
112002221
112010022
112010202
112010220
112011022
112011202
112011220
112012220
112020000
112020001
112020002
112020010
112020012
112020020
112020021
112021000
112021002
112021012
112021020
112021021
112021022
112022000
112022001
112022010
112022011
112022021
112022100
112022101
112022110
112022120
112022121
112100022
112100200
112100202
112100212
112100220
112100221
112101022
112101202
112101220
112102200
112102201
112102210
112102220
112102221
112110022
112110202
112110220
112112220
112120000
112120002
112120012
112120020
112120021
112120022
112121002
112121020
112121022
112122000
112122001
112122010
112122020
112122021
112200200
112200201
112200210
112200211
112200212
112200221
112201022
112201200
112201201
112201202
112201210
112201212
112201220
112201221
112202000
112202001
112202010
112202011
112202021
112202100
112202101
112202110
112202120
112202121
112202201
112202210
112202211
112210022
112210202
112210220
112211022
112211202
112211220
112220000
112220001
112220010
112220011
112220012
112220021
112220100
112220101
112220102
112220110
112220112
112220120
112220121
112221000
112221001
112221002
112221010
112221012
112221020
112221021
120001022
120001202
120001220
120010022
120010202
120010220
120011022
120011202
120011220
120020201
120020210
120020211
120021200
120021201
120021210
120021211
120021212
120022001
120022010
120022011
120022100
120022101
120022110
120022112
120022211
120100022
120100202
120100220
120101022
120101202
120101220
120110022
120110202
120110220
120112022
120112202
120112220
120120200
120120201
120120210
120120211
120120212
120121200
120121201
120121202
120121210
120121212
120122201
120122210
120122211
120202001
120202010
120202011
120202100
120202101
120202110
120202112
120202121
120202211
120211022
120211202
120211220
120220001
120220010
120220011
120220100
120220101
120220110
120220112
120220211
120221201
120221210
120221211
121000022
121000202
121000220
121001022
121001202
121001220
121010022
121010202
121010220
121011022
121011202
121011220
121012022
121012202
121012220
121021202
121022000
121022001
121022010
121022011
121022012
121022100
121022101
121022102
121022110
121022112
121022201
121022210
121022211
121100022
121100202
121100220
121101022
121101202
121101220
121102022
121102202
121102220
121110022
121110202
121110220
121112022
121112202
121112220
121120202
121121202
121201022
121201202
121201220
121202000
121202001
121202010
121202011
121202012
121202021
121202100
121202101
121202102
121202110
121202112
121202120
121202121
121202201
121202210
121202211
121210022
121210202
121210220
121211022
121211202
121211220
121220000
121220001
121220010
121220011
121220012
121220100
121220101
121220102
121220110
121220112
121220201
121220210
121220211
122000201
122000210
122000211
122001200
122001201
122001210
122001211
122001212
122001221
122002211
122011022
122011202
122011220
122020001
122020010
122020011
122021000
122021001
122021010
122021011
122021012
122022011
122022101
122022110
122100200
122100201
122100210
122100211
122100212
122100221
122101022
122101200
122101201
122101202
122101210
122101212
122101220
122101221
122102201
122102210
122102211
122110022
122110202
122110220
122120000
122120001
122120010
122120011
122120012
122121000
122121001
122121002
122121010
122121012
122122001
122122010
122122011
122200211
122201201
122201210
122201211
122202011
122202101
122202110
122220011
122220101
122220110
122221001
122221010
122221011
200000012
200000102
200000112
200001002
200001012
200001102
200001112
200001122
200001212
200002112
200011022
200011202
200011220
200012012
200012102
200012112
200020010
200020100
200020110
200020121
200020211
200021000
200021010
200021021
200021100
200021110
200021120
200021121
200021201
200021210
200021211
200022011
200022101
200022110
200100002
200100012
200100102
200100112
200100122
200100212
200101002
200101012
200101022
200101102
200101122
200101202
200101212
200101220
200102012
200102102
200102112
200110022
200110202
200110220
200112002
200112012
200112102
200112112
200112122
200112212
200120000
200120010
200120021
200120100
200120110
200120120
200120121
200120201
200120210
200120211
200121000
200121010
200121020
200121021
200121100
200121120
200121121
200121200
200121201
200121210
200121211
200121221
200122010
200122100
200122110
200122121
200122211
200200112
200201012
200201102
200201112
200202011
200202101
200202110
200212112
200220011
200220101
200220110
200221010
200221100
200221110
200221121
201000002
201000012
201000102
201000112
201000122
201000212
201001002
201001012
201001022
201001102
201001122
201001202
201001212
201001220
201002012
201002102
201002112
201010022
201010202
201010220
201011022
201011202
201011220
201012002
201012012
201012212
201020000
201020010
201020021
201020100
201020110
201020120
201020121
201020210
201021000
201021010
201021020
201021100
201021120
201021200
201021210
201022001
201022010
201022011
201022100
201022101
201022110
201022121
201022211
201100002
201100012
201100022
201100102
201100122
201100202
201100212
201100220
201101002
201101022
201101122
201101202
201101212
201101220
201102002
201102012
201102102
201102112
201102122
201102212
201110022
201110202
201110220
201112002
201112012
201112022
201112202
201112212
201112220
201120000
201120010
201120020
201120021
201120100
201120120
201120121
201120200
201120210
201120221
201121000
201121020
201121120
201121200
201121210
201121220
201122000
201122010
201122021
201122100
201122110
201122120
201122121
201122210
201200012
201200102
201200112
201201002
201201012
201201102
201201112
201201122
201202001
201202010
201202011
201202100
201202101
201202110
201202112
201202121
201211022
201212012
201220001
201220010
201220011
201220100
201220101
201220110
201220121
201221000
201221010
201221100
201221110
201221120
202000001
202000010
202000011
202000100
202000101
202000110
202000112
202000121
202000211
202001000
202001001
202001010
202001011
202001012
202001021
202001100
202001101
202001102
202001110
202001112
202001120
202001121
202001201
202001210
202001211
202002011
202002101
202002110
202010000
202010001
202010010
202010011
202010012
202010021
202010100
202010101
202010102
202010110
202010112
202010120
202010121
202010201
202010210
202010211
202011000
202011001
202011002
202011010
202011012
202011020
202011021
202011100
202011102
202011112
202011120
202011121
202011122
202011200
202011201
202011210
202011211
202011212
202011221
202012001
202012010
202012011
202012100
202012101
202012110
202012121
202012211
202020011
202020101
202020110
202021001
202021010
202021011
202021100
202021101
202021110
202021121
202100000
202100001
202100010
202100011
202100012
202100021
202100100
202100101
202100102
202100110
202100112
202100120
202100121
202100201
202100210
202100211
202101000
202101001
202101002
202101010
202101012
202101020
202101021
202101100
202101102
202101112
202101120
202101121
202101122
202101200
202101201
202101210
202101211
202101212
202101221
202102001
202102010
202102011
202102100
202102101
202102110
202102121
202102211
202110000
202110001
202110002
202110010
202110012
202110020
202110021
202110100
202110102
202110112
202110120
202110121
202110122
202110200
202110201
202110210
202110211
202110212
202110221
202112000
202112001
202112010
202112011
202112021
202112100
202112101
202112110
202112120
202112121
202112201
202112210
202112211
202120001
202120010
202120011
202120100
202120101
202120110
202120121
202121000
202121001
202121010
202121011
202121021
202121100
202121101
202121110
202121120
202121121
202122011
202122101
202122110
202200011
202200101
202200110
202201001
202201010
202201011
202201100
202201101
202201110
202201112
202201121
202210001
202210010
202210011
202210100
202210101
202210110
202210112
202210121
202211000
202211001
202211010
202211011
202211012
202211021
202211100
202211101
202211102
202211110
202211112
202211120
202211121
202212011
202212101
202212110
202221011
202221101
202221110
210000002
210000012
210000102
210000112
210000122
210000212
210001002
210001012
210001022
210001102
210001122
210001202
210001212
210001220
210002012
210002102
210002112
210010022
210010202
210010220
210011022
210011202
210011220
210020000
210020010
210020100
210020110
210020120
210020201
210020210
210020211
210021000
210021010
210021020
210021100
210021120
210021200
210021201
210021210
210021211
210021221
210022001
210022010
210022011
210022100
210022101
210022110
210022121
210022211
210100002
210100012
210100022
210100102
210100122
210100202
210100212
210100220
210101002
210101022
210101122
210101202
210101212
210101220
210102002
210102012
210102102
210102112
210102122
210102212
210110022
210110202
210110220
210112022
210112202
210112220
210120000
210120010
210120020
210120100
210120120
210120200
210120201
210120210
210120211
210120221
210121000
210121020
210121120
210121200
210121201
210121210
210121220
210121221
210122000
210122010
210122100
210122110
210122120
210122201
210122210
210122211
210200012
210200102
210200112
210201002
210201012
210201102
210201112
210201122
210202001
210202010
210202011
210202100
210202101
210202110
210202112
210202121
210211022
210220001
210220010
210220011
210220100
210220101
210220110
210220121
210221000
210221010
210221100
210221110
210221120
211000002
211000012
211000022
211000102
211000122
211000202
211000212
211000220
211001002
211001022
211001122
211001202
211001212
211001220
211002002
211002012
211002102
211002112
211002122
211002212
211010022
211010202
211010220
211011022
211011202
211011220
211012022
211012202
211012220
211020000
211020010
211020020
211020100
211020120
211020200
211020210
211021000
211021020
211021120
211021200
211021210
211021220
211022000
211022001
211022010
211022011
211022021
211022100
211022101
211022110
211022120
211022121
211022201
211022210
211022211
211100002
211100022
211100122
211100202
211100212
211100220
211101022
211101202
211101220
211102002
211102012
211102022
211102102
211102122
211102202
211102212
211102220
211110022
211110202
211110220
211112022
211112202
211112220
211120000
211120020
211120120
211120200
211120210
211120220
211121020
211121200
211121220
211122000
211122010
211122020
211122100
211122120
211122200
211122210
211200002
211200012
211200102
211200112
211200122
211201002
211201012
211201022
211201102
211201122
211202000
211202001
211202010
211202011
211202012
211202021
211202100
211202101
211202102
211202110
211202112
211202120
211202121
211210022
211211022
211220000
211220001
211220010
211220011
211220021
211220100
211220101
211220110
211220120
211220121
211221000
211221010
211221020
211221100
211221120
212000012
212000102
212000112
212000201
212000210
212000211
212001002
212001012
212001102
212001112
212001122
212001200
212001201
212001210
212001211
212001212
212001221
212002211
212011022
212011202
212011220
212020001
212020010
212020011
212020100
212020110
212021000
212021001
212021010
212021011
212021021
212021100
212021110
212021120
212022011
212022101
212022110
212100002
212100012
212100102
212100112
212100122
212100200
212100201
212100210
212100211
212100212
212100221
212101002
212101012
212101022
212101102
212101122
212101200
212101201
212101202
212101210
212101212
212101220
212101221
212102201
212102210
212102211
212110022
212110202
212110220
212120000
212120001
212120010
212120011
212120021
212120100
212120110
212120120
212121000
212121001
212121010
212121020
212121021
212121100
212121120
212122001
212122010
212122011
212122100
212122110
212200112
212201012
212201102
212201112
212202011
212202101
212202110
212220011
212220101
212220110
212221001
212221010
212221011
212221100
212221110
220000001
220000010
220000011
220000100
220000101
220000110
220000112
220000121
220000211
220001000
220001001
220001010
220001011
220001012
220001021
220001100
220001101
220001102
220001110
220001112
220001120
220001121
220001201
220001210
220001211
220002011
220002101
220002110
220010000
220010001
220010010
220010011
220010012
220010021
220010100
220010101
220010102
220010110
220010112
220010120
220010121
220010201
220010210
220010211
220011000
220011001
220011002
220011010
220011012
220011020
220011021
220011100
220011102
220011112
220011120
220011121
220011122
220011200
220011201
220011210
220011211
220011212
220011221
220012001
220012010
220012011
220012100
220012101
220012110
220012112
220012121
220012211
220020011
220020101
220020110
220021001
220021010
220021011
220021100
220021101
220021110
220021211
220100000
220100001
220100010
220100011
220100012
220100021
220100100
220100101
220100102
220100110
220100112
220100120
220100121
220100201
220100210
220100211
220101000
220101001
220101002
220101010
220101012
220101020
220101021
220101100
220101102
220101112
220101120
220101121
220101122
220101200
220101201
220101210
220101211
220101212
220101221
220102001
220102010
220102011
220102100
220102101
220102110
220102112
220102121
220102211
220110000
220110001
220110002
220110010
220110012
220110020
220110021
220110100
220110102
220110112
220110120
220110121
220110122
220110200
220110201
220110210
220110211
220110212
220110221
220112000
220112001
220112010
220112011
220112012
220112021
220112100
220112101
220112102
220112110
220112112
220112120
220112121
220112201
220112210
220112211
220120001
220120010
220120011
220120100
220120101
220120110
220120211
220121000
220121001
220121010
220121011
220121100
220121101
220121110
220121201
220121210
220121211
220122011
220122101
220122110
220200011
220200101
220200110
220201001
220201010
220201011
220201100
220201101
220201110
220201112
220201121
220210001
220210010
220210011
220210100
220210101
220210110
220210112
220210121
220211000
220211001
220211010
220211011
220211012
220211021
220211100
220211101
220211102
220211110
220211112
220211120
220211121
220212011
220212101
220212110
220221011
220221101
220221110
221000012
221000102
221000112
221001002
221001012
221001102
221001112
221001122
221001212
221002112
221011022
221011202
221011220
221020010
221020100
221020110
221021000
221021010
221021100
221021110
221021210
221022011
221022101
221022110
221100002
221100012
221100102
221100112
221100122
221100212
221101002
221101012
221101022
221101102
221101122
221101202
221101212
221101220
221102012
221102102
221102112
221110022
221110202
221110220
221120000
221120010
221120100
221120110
221120210
221121000
221121010
221121100
221121200
221121210
221122010
221122100
221122110
221200112
221201012
221201102
221201112
221202011
221202101
221202110
221220011
221220101
221220110
221221010
221221100
221221110