000000222
000001222
000002222
000010222
000011222
000012222
000020222
000021222
000022222
000100222
000101222
000102222
000110222
000112222
000120222
000121222
000122222
000200222
000201222
000202222
000210222
000211222
000212222
000220222
000221222
000222000
000222001
000222002
000222010
000222011
000222012
000222020
000222021
000222022
000222100
000222101
000222102
000222110
000222111
000222112
000222120
000222121
000222122
000222200
000222201
000222202
000222210
000222211
000222212
000222220
000222221
000222222
001000222
001001222
001002222
001010222
001011222
001012222
001020222
001021222
001022222
001100222
001101222
001102222
001110222
001112222
001120222
001121222
001122222
001200222
001201222
001202222
001210222
001211222
001212222
001220222
001221222
001222000
001222001
001222002
001222010
001222011
001222012
001222020
001222021
001222022
001222100
001222101
001222102
001222110
001222111
001222112
001222120
001222121
001222122
001222200
001222201
001222202
001222210
001222211
001222212
001222220
001222221
001222222
002000222
002001222
002002002
002002012
002002022
002002102
002002112
002002122
002002202
002002212
002002222
002010222
002011222
002012002
002012012
002012022
002012102
002012112
002012122
002012202
002012212
002012222
002020200
002020201
002020202
002020210
002020211
002020212
002020220
002020221
002020222
002021200
002021201
002021202
002021210
002021211
002021212
002021220
002021221
002021222
002022002
002022012
002022022
002022102
002022112
002022122
002022200
002022201
002022202
002022210
002022211
002022212
002022220
002022221
002022222
002100222
002101222
002102002
002102012
002102022
002102102
002102112
002102122
002102202
002102212
002102222
002110222
002112002
002112012
002112022
002112102
002112112
002112122
002112202
002112212
002112222
002120200
002120201
002120202
002120210
002120211
002120212
002120220
002120221
002120222
002121200
002121201
002121202
002121210
002121211
002121212
002121220
002121221
002121222
002122002
002122012
002122022
002122102
002122112
002122122
002122200
002122201
002122202
002122210
002122211
002122212
002122220
002122221
002122222
002200222
002201222
002202002
002202012
002202022
002202102
002202112
002202122
002202202
002202212
002202222
002210222
002211222
002212002
002212012
002212022
002212102
002212112
002212122
002212202
002212212
002212222
002220200
002220201
002220202
002220210
002220211
002220212
002220220
002220221
002220222
002221200
002221201
002221202
002221210
002221211
002221212
002221220
002221221
002221222
002222000
002222001
002222002
002222010
002222011
002222012
002222020
002222021
002222022
002222100
002222101
002222102
002222110
002222111
002222112
002222120
002222121
002222122
002222200
002222201
002222202
002222210
002222211
002222212
002222220
002222221
002222222
010000222
010001222
010002222
010010222
010011222
010012222
010020222
010021222
010022222
010100222
010101222
010102222
010110222
010112222
010120222
010121222
010122222
010200222
010201222
010202222
010210222
010211222
010212222
010220222
010221222
010222000
010222001
010222002
010222010
010222011
010222012
010222020
010222021
010222022
010222100
010222101
010222102
010222110
010222111
010222112
010222120
010222121
010222122
010222200
010222201
010222202
010222210
010222211
010222212
010222220
010222221
010222222
011000222
011001222
011002222
011010222
011011222
011012222
011020222
011021222
011022222
011100222
011101222
011102222
011110222
011112222
011120222
011121222
011122222
011200222
011201222
011202222
011210222
011211222
011212222
011220222
011221222
011222000
011222001
011222002
011222010
011222011
011222012
011222020
011222021
011222022
011222100
011222101
011222102
011222110
011222111
011222112
011222120
011222121
011222122
011222200
011222201
011222202
011222210
011222211
011222212
011222220
011222221
011222222
012000222
012001222
012002002
012002012
012002022
012002102
012002112
012002122
012002202
012002212
012002222
012010222
012011222
012012002
012012022
012012102
012012122
012012202
012012222
012020200
012020201
012020202
012020210
012020211
012020212
012020220
012020221
012020222
012021200
012021201
012021202
012021210
012021211
012021212
012021220
012021221
012021222
012022002
012022012
012022022
012022102
012022112
012022122
012022200
012022201
012022202
012022210
012022211
012022212
012022220
012022221
012022222
012100222
012101222
012102002
012102012
012102022
012102102
012102112
012102122
012102202
012102212
012102222
012110222
012112002
012112022
012112102
012112122
012112202
012112222
012120200
012120201
012120202
012120210
012120211
012120212
012120220
012120221
012120222
012121200
012121201
012121202
012121210
012121211
012121212
012121220
012121221
012121222
012122002
012122012
012122022
012122102
012122112
012122122
012122200
012122201
012122202
012122210
012122211
012122212
012122220
012122221
012122222
012200222
012201222
012202002
012202012
012202022
012202102
012202112
012202122
012202202
012202212
012202222
012210222
012211222
012212002
012212022
012212102
012212122
012212202
012212222
012220200
012220201
012220202
012220210
012220211
012220212
012220220
012220221
012220222
012221200
012221201
012221202
012221210
012221211
012221212
012221220
012221221
012221222
012222000
012222001
012222002
012222010
012222011
012222012
012222020
012222021
012222022
012222100
012222101
012222102
012222110
012222111
012222112
012222120
012222121
012222122
012222200
012222201
012222202
012222210
012222211
012222212
012222220
012222221
012222222
020000222
020001222
020002222
020010222
020011222
020012222
020020020
020020021
020020022
020020120
020020121
020020122
020020220
020020221
020020222
020021020
020021021
020021022
020021120
020021121
020021122
020021220
020021221
020021222
020022020
020022021
020022022
020022120
020022121
020022122
020022220
020022221
020022222
020100222
020101222
020102222
020110222
020112222
020120020
020120021
020120022
020120120
020120121
020120122
020120220
020120221
020120222
020121020
020121021
020121022
020121120
020121121
020121122
020121220
020121221
020121222
020122020
020122021
020122022
020122120
020122121
020122122
020122220
020122221
020122222
020200222
020201222
020202222
020210222
020211222
020212222
020220020
020220021
020220022
020220120
020220121
020220122
020220220
020220221
020220222
020221020
020221021
020221022
020221120
020221121
020221122
020221220
020221221
020221222
020222000
020222001
020222002
020222010
020222011
020222012
020222020
020222021
020222022
020222100
020222101
020222102
020222110
020222111
020222112
020222120
020222121
020222122
020222200
020222201
020222202
020222210
020222211
020222212
020222220
020222221
020222222
021000222
021001222
021002222
021010222
021011222
021012222
021020020
021020021
021020022
021020120
021020121
021020122
021020220
021020221
021020222
021021020
021021021
021021022
021021120
021021121
021021122
021021220
021021221
021021222
021022020
021022021
021022022
021022120
021022121
021022122
021022220
021022221
021022222
021100222
021101222
021102222
021110222
021112222
021120020
021120021
021120022
021120120
021120121
021120122
021120220
021120221
021120222
021121020
021121021
021121022
021121120
021121121
021121122
021121220
021121221
021121222
021122020
021122021
021122022
021122120
021122121
021122122
021122220
021122221
021122222
021200222
021201222
021202222
021210222
021211222
021212222
021220020
021220021
021220022
021220120
021220121
021220122
021220220
021220221
021220222
021221020
021221021
021221022
021221120
021221121
021221122
021221220
021221221
021221222
021222000
021222001
021222002
021222010
021222011
021222012
021222020
021222021
021222022
021222100
021222101
021222102
021222110
021222111
021222112
021222120
021222121
021222122
021222200
021222201
021222202
021222210
021222211
021222212
021222220
021222221
021222222
022000222
022001222
022002002
022002012
022002022
022002102
022002112
022002122
022002202
022002212
022002222
022010222
022011222
022012002
022012012
022012022
022012102
022012112
022012122
022012202
022012212
022012222
022020020
022020021
022020022
022020120
022020121
022020122
022020200
022020201
022020202
022020210
022020211
022020212
022020220
022020221
022020222
022021020
022021021
022021022
022021120
022021121
022021122
022021200
022021201
022021202
022021210
022021211
022021212
022021220
022021221
022021222
022022002
022022012
022022020
022022021
022022022
022022102
022022112
022022120
022022121
022022122
022022200
022022201
022022202
022022210
022022211
022022212
022022220
022022221
022022222
022100222
022101222
022102002
022102012
022102022
022102102
022102112
022102122
022102202
022102212
022102222
022110222
022112002
022112012
022112022
022112102
022112112
022112122
022112202
022112212
022112222
022120020
022120021
022120022
022120120
022120121
022120122
022120200
022120201
022120202
022120210
022120211
022120212
022120220
022120221
022120222
022121020
022121021
022121022
022121120
022121121
022121122
022121200
022121201
022121202
022121210
022121211
022121212
022121220
022121221
022121222
022122002
022122012
022122020
022122021
022122022
022122102
022122112
022122120
022122121
022122122
022122200
022122201
022122202
022122210
022122211
022122212
022122220
022122221
022122222
022200222
022201222
022202002
022202012
022202022
022202102
022202112
022202122
022202202
022202212
022202222
022210222
022211222
022212002
022212012
022212022
022212102
022212112
022212122
022212202
022212212
022212222
022220020
022220021
022220022
022220120
022220121
022220122
022220200
022220201
022220202
022220210
022220211
022220212
022220220
022220221
022220222
022221020
022221021
022221022
022221120
022221121
022221122
022221200
022221201
022221202
022221210
022221211
022221212
022221220
022221221
022221222
022222000
022222001
022222002
022222010
022222011
022222012
022222020
022222021
022222022
022222100
022222101
022222102
022222110
022222111
022222112
022222120
022222121
022222122
022222200
022222201
022222202
022222210
022222211
022222212
022222220
022222221
022222222
100000222
100001222
100002222
100010222
100011222
100012222
100020222
100021222
100022222
100100222
100101222
100102222
100110222
100112222
100120222
100121222
100122222
100200222
100201222
100202222
100210222
100211222
100212222
100220222
100221222
100222000
100222001
100222002
100222010
100222011
100222012
100222020
100222021
100222022
100222100
100222101
100222102
100222110
100222111
100222112
100222120
100222121
100222122
100222200
100222201
100222202
100222210
100222211
100222212
100222220
100222221
100222222
101000222
101001222
101002222
101010222
101011222
101012222
101020222
101021222
101022222
101100222
101101222
101102222
101110222
101112222
101120222
101121222
101122222
101200222
101201222
101202222
101210222
101211222
101212222
101220222
101221222
101222000
101222001
101222002
101222010
101222011
101222012
101222020
101222021
101222022
101222100
101222101
101222102
101222110
101222111
101222112
101222120
101222121
101222122
101222200
101222201
101222202
101222210
101222211
101222212
101222220
101222221
101222222
102000222
102001222
102002002
102002012
102002022
102002102
102002112
102002122
102002202
102002212
102002222
102010222
102011222
102012002
102012012
102012022
102012102
102012112
102012122
102012202
102012212
102012222
102020200
102020201
102020202
102020210
102020211
102020212
102020220
102020221
102020222
102021200
102021201
102021202
102021210
102021211
102021212
102021220
102021221
102021222
102022002
102022012
102022022
102022102
102022112
102022122
102022200
102022201
102022202
102022210
102022211
102022212
102022220
102022221
102022222
102100222
102101222
102102002
102102012
102102022
102102202
102102212
102102222
102110222
102112002
102112012
102112022
102112202
102112212
102112222
102120200
102120201
102120202
102120210
102120211
102120212
102120220
102120221
102120222
102121200
102121201
102121202
102121210
102121211
102121212
102121220
102121221
102121222
102122002
102122012
102122022
102122200
102122201
102122202
102122210
102122211
102122212
102122220
102122221
102122222
102200222
102201222
102202002
102202012
102202022
102202102
102202112
102202122
102202202
102202212
102202222
102210222
102211222
102212002
102212012
102212022
102212102
102212112
102212122
102212202
102212212
102212222
102220200
102220201
102220202
102220210
102220211
102220212
102220220
102220221
102220222
102221200
102221201
102221202
102221210
102221211
102221212
102221220
102221221
102221222
102222000
102222001
102222002
102222010
102222011
102222012
102222020
102222021
102222022
102222100
102222101
102222102
102222110
102222111
102222112
102222120
102222121
102222122
102222200
102222201
102222202
102222210
102222211
102222212
102222220
102222221
102222222
110000222
110001222
110002222
110010222
110011222
110012222
110020222
110021222
110022222
110100222
110101222
110102222
110110222
110112222
110120222
110121222
110122222
110200222
110201222
110202222
110210222
110211222
110212222
110220222
110221222
110222000
110222001
110222002
110222010
110222011
110222012
110222020
110222021
110222022
110222100
110222101
110222102
110222110
110222111
110222112
110222120
110222121
110222122
110222200
110222201
110222202
110222210
110222211
110222212
110222220
110222221
110222222
112000222
112001222
112002002
112002012
112002022
112002102
112002112
112002122
112002202
112002212
112002222
112010222
112011222
112012002
112012022
112012102
112012122
112012202
112012222
112020200
112020201
112020202
112020210
112020211
112020212
112020220
112020221
112020222
112021200
112021201
112021202
112021210
112021211
112021212
112021220
112021221
112021222
112022002
112022012
112022022
112022102
112022112
112022122
112022200
112022201
112022202
112022210
112022211
112022212
112022220
112022221
112022222
112100222
112101222
112102002
112102012
112102022
112102202
112102212
112102222
112110222
112112002
112112022
112112202
112112222
112120200
112120201
112120202
112120210
112120211
112120212
112120220
112120221
112120222
112121200
112121201
112121202
112121210
112121211
112121212
112121220
112121221
112121222
112122002
112122012
112122022
112122200
112122201
112122202
112122210
112122211
112122212
112122220
112122221
112122222
112200222
112201222
112202002
112202012
112202022
112202102
112202112
112202122
112202202
112202212
112202222
112210222
112211222
112212002
112212022
112212102
112212122
112212202
112212222
112220200
112220201
112220202
112220210
112220211
112220212
112220220
112220221
112220222
112221200
112221201
112221202
112221210
112221211
112221212
112221220
112221221
112221222
112222000
112222001
112222002
112222010
112222011
112222012
112222020
112222021
112222022
112222100
112222101
112222102
112222110
112222111
112222112
112222120
112222121
112222122
112222200
112222201
112222202
112222210
112222211
112222212
112222220
112222221
112222222
120000222
120001222
120002222
120010222
120011222
120012222
120020020
120020021
120020022
120020120
120020121
120020122
120020220
120020221
120020222
120021020
120021021
120021022
120021120
120021121
120021122
120021220
120021221
120021222
120022020
120022021
120022022
120022120
120022121
120022122
120022220
120022221
120022222
120100222
120101222
120102222
120110222
120112222
120120020
120120021
120120022
120120220
120120221
120120222
120121020
120121021
120121022
120121220
120121221
120121222
120122020
120122021
120122022
120122220
120122221
120122222
120200222
120201222
120202222
120210222
120211222
120212222
120220020
120220021
120220022
120220120
120220121
120220122
120220220
120220221
120220222
120221020
120221021
120221022
120221120
120221121
120221122
120221220
120221221
120221222
120222000
120222001
120222002
120222010
120222011
120222012
120222020
120222021
120222022
120222100
120222101
120222102
120222110
120222111
120222112
120222120
120222121
120222122
120222200
120222201
120222202
120222210
120222211
120222212
120222220
120222221
120222222
121000222
121001222
121002222
121010222
121011222
121012222
121020020
121020021
121020022
121020120
121020121
121020122
121020220
121020221
121020222
121021020
121021021
121021022
121021120
121021121
121021122
121021220
121021221
121021222
121022020
121022021
121022022
121022120
121022121
121022122
121022220
121022221
121022222
121100222
121101222
121102222
121110222
121112222
121120020
121120021
121120022
121120220
121120221
121120222
121121020
121121021
121121022
121121220
121121221
121121222
121122020
121122021
121122022
121122220
121122221
121122222
121200222
121201222
121202222
121210222
121211222
121212222
121220020
121220021
121220022
121220120
121220121
121220122
121220220
121220221
121220222
121221020
121221021
121221022
121221120
121221121
121221122
121221220
121221221
121221222
121222000
121222001
121222002
121222010
121222011
121222012
121222020
121222021
121222022
121222100
121222101
121222102
121222110
121222111
121222112
121222120
121222121
121222122
121222200
121222201
121222202
121222210
121222211
121222212
121222220
121222221
121222222
122000222
122001222
122002002
122002012
122002022
122002102
122002112
122002122
122002202
122002212
122002222
122010222
122011222
122012002
122012012
122012022
122012102
122012112
122012122
122012202
122012212
122012222
122020020
122020021
122020022
122020120
122020121
122020122
122020200
122020201
122020202
122020210
122020211
122020212
122020220
122020221
122020222
122021020
122021021
122021022
122021120
122021121
122021122
122021200
122021201
122021202
122021210
122021211
122021212
122021220
122021221
122021222
122022002
122022012
122022020
122022021
122022022
122022102
122022112
122022120
122022121
122022122
122022200
122022201
122022202
122022210
122022211
122022212
122022220
122022221
122022222
122100222
122101222
122102002
122102012
122102022
122102202
122102212
122102222
122110222
122112002
122112012
122112022
122112202
122112212
122112222
122120020
122120021
122120022
122120200
122120201
122120202
122120210
122120211
122120212
122120220
122120221
122120222
122121020
122121021
122121022
122121200
122121201
122121202
122121210
122121211
122121212
122121220
122121221
122121222
122122002
122122012
122122020
122122021
122122022
122122200
122122201
122122202
122122210
122122211
122122212
122122220
122122221
122122222
122200222
122201222
122202002
122202012
122202022
122202102
122202112
122202122
122202202
122202212
122202222
122210222
122211222
122212002
122212012
122212022
122212102
122212112
122212122
122212202
122212212
122212222
122220020
122220021
122220022
122220120
122220121
122220122
122220200
122220201
122220202
122220210
122220211
122220212
122220220
122220221
122220222
122221020
122221021
122221022
122221120
122221121
122221122
122221200
122221201
122221202
122221210
122221211
122221212
122221220
122221221
122221222
122222000
122222001
122222002
122222010
122222011
122222012
122222020
122222021
122222022
122222100
122222101
122222102
122222110
122222111
122222112
122222120
122222121
122222122
122222200
122222201
122222202
122222210
122222211
122222212
122222220
122222221
122222222
200000222
200001222
200002222
200010222
200011222
200012222
200020002
200020012
200020022
200020102
200020112
200020122
200020202
200020212
200020222
200021002
200021012
200021022
200021102
200021112
200021122
200021202
200021212
200021222
200022002
200022012
200022022
200022102
200022112
200022122
200022202
200022212
200022222
200100222
200101222
200102222
200110222
200112222
200120002
200120012
200120022
200120102
200120112
200120122
200120202
200120212
200120222
200121002
200121012
200121022
200121102
200121112
200121122
200121202
200121212
200121222
200122002
200122012
200122022
200122102
200122112
200122122
200122202
200122212
200122222
200200200
200200201
200200202
200200210
200200211
200200212
200200220
200200221
200200222
200201200
200201201
200201202
200201210
200201211
200201212
200201220
200201221
200201222
200202200
200202201
200202202
200202210
200202211
200202212
200202220
200202221
200202222
200210200
200210201
200210202
200210210
200210211
200210212
200210220
200210221
200210222
200211200
200211201
200211202
200211210
200211211
200211212
200211220
200211221
200211222
200212200
200212201
200212202
200212210
200212211
200212212
200212220
200212221
200212222
200220002
200220012
200220022
200220102
200220112
200220122
200220200
200220201
200220202
200220210
200220211
200220212
200220220
200220221
200220222
200221002
200221012
200221022
200221102
200221112
200221122
200221200
200221201
200221202
200221210
200221211
200221212
200221220
200221221
200221222
200222000
200222001
200222002
200222010
200222011
200222012
200222020
200222021
200222022
200222100
200222101
200222102
200222110
200222111
200222112
200222120
200222121
200222122
200222200
200222201
200222202
200222210
200222211
200222212
200222220
200222221
200222222
201000222
201001222
201002222
201010222
201011222
201012222
201020002
201020012
201020022
201020102
201020112
201020122
201020202
201020212
201020222
201021002
201021012
201021022
201021102
201021112
201021122
201021202
201021212
201021222
201022002
201022012
201022022
201022102
201022112
201022122
201022202
201022212
201022222
201100222
201101222
201102222
201110222
201112222
201120002
201120012
201120022
201120102
201120112
201120122
201120202
201120212
201120222
201121002
201121012
201121022
201121102
201121112
201121122
201121202
201121212
201121222
201122002
201122012
201122022
201122102
201122112
201122122
201122202
201122212
201122222
201200200
201200201
201200202
201200210
201200211
201200212
201200220
201200221
201200222
201201200
201201201
201201202
201201210
201201211
201201212
201201220
201201221
201201222
201202200
201202201
201202202
201202210
201202211
201202212
201202220
201202221
201202222
201210200
201210201
201210202
201210210
201210211
201210212
201210220
201210221
201210222
201211200
201211201
201211202
201211210
201211211
201211212
201211220
201211221
201211222
201212200
201212201
201212202
201212210
201212211
201212212
201212220
201212221
201212222
201220002
201220012
201220022
201220102
201220112
201220122
201220200
201220201
201220202
201220210
201220211
201220212
201220220
201220221
201220222
201221002
201221012
201221022
201221102
201221112
201221122
201221200
201221201
201221202
201221210
201221211
201221212
201221220
201221221
201221222
201222000
201222001
201222002
201222010
201222011
201222012
201222020
201222021
201222022
201222100
201222101
201222102
201222110
201222111
201222112
201222120
201222121
201222122
201222200
201222201
201222202
201222210
201222211
201222212
201222220
201222221
201222222
202000222
202001222
202002002
202002012
202002022
202002102
202002112
202002122
202002202
202002212
202002222
202010222
202011222
202012002
202012012
202012022
202012102
202012112
202012122
202012202
202012212
202012222
202020002
202020012
202020022
202020102
202020112
202020122
202020200
202020201
202020202
202020210
202020211
202020212
202020220
202020221
202020222
202021002
202021012
202021022
202021102
202021112
202021122
202021200
202021201
202021202
202021210
202021211
202021212
202021220
202021221
202021222
202022002
202022012
202022022
202022102
202022112
202022122
202022200
202022201
202022202
202022210
202022211
202022212
202022220
202022221
202022222
202100222
202101222
202102002
202102012
202102022
202102102
202102112
202102122
202102202
202102212
202102222
202110222
202112002
202112012
202112022
202112102
202112112
202112122
202112202
202112212
202112222
202120002
202120012
202120022
202120102
202120112
202120122
202120200
202120201
202120202
202120210
202120211
202120212
202120220
202120221
202120222
202121002
202121012
202121022
202121102
202121112
202121122
202121200
202121201
202121202
202121210
202121211
202121212
202121220
202121221
202121222
202122002
202122012
202122022
202122102
202122112
202122122
202122200
202122201
202122202
202122210
202122211
202122212
202122220
202122221
202122222
202200200
202200201
202200202
202200210
202200211
202200212
202200220
202200221
202200222
202201200
202201201
202201202
202201210
202201211
202201212
202201220
202201221
202201222
202202002
202202012
202202022
202202102
202202112
202202122
202202200
202202201
202202202
202202210
202202211
202202212
202202220
202202221
202202222
202210200
202210201
202210202
202210210
202210211
202210212
202210220
202210221
202210222
202211200
202211201
202211202
202211210
202211211
202211212
202211220
202211221
202211222
202212002
202212012
202212022
202212102
202212112
202212122
202212200
202212201
202212202
202212210
202212211
202212212
202212220
202212221
202212222
202220002
202220012
202220022
202220102
202220112
202220122
202220200
202220201
202220202
202220210
202220211
202220212
202220220
202220221
202220222
202221002
202221012
202221022
202221102
202221112
202221122
202221200
202221201
202221202
202221210
202221211
202221212
202221220
202221221
202221222
202222000
202222001
202222002
202222010
202222011
202222012
202222020
202222021
202222022
202222100
202222101
202222102
202222110
202222111
202222112
202222120
202222121
202222122
202222200
202222201
202222202
202222210
202222211
202222212
202222220
202222221
202222222
210000222
210001222
210002222
210010222
210011222
210012222
210020002
210020012
210020022
210020102
210020112
210020122
210020202
210020212
210020222
210021002
210021012
210021022
210021102
210021112
210021122
210021202
210021212
210021222
210022002
210022012
210022022
210022102
210022112
210022122
210022202
210022212
210022222
210100222
210101222
210102222
210110222
210112222
210120002
210120012
210120022
210120102
210120112
210120122
210120202
210120212
210120222
210121002
210121012
210121022
210121102
210121112
210121122
210121202
210121212
210121222
210122002
210122012
210122022
210122102
210122112
210122122
210122202
210122212
210122222
210200200
210200201
210200202
210200210
210200211
210200212
210200220
210200221
210200222
210201200
210201201
210201202
210201210
210201211
210201212
210201220
210201221
210201222
210202200
210202201
210202202
210202210
210202211
210202212
210202220
210202221
210202222
210210200
210210201
210210202
210210210
210210211
210210212
210210220
210210221
210210222
210211200
210211201
210211202
210211210
210211211
210211212
210211220
210211221
210211222
210212200
210212201
210212202
210212210
210212211
210212212
210212220
210212221
210212222
210220002
210220012
210220022
210220102
210220112
210220122
210220200
210220201
210220202
210220210
210220211
210220212
210220220
210220221
210220222
210221002
210221012
210221022
210221102
210221112
210221122
210221200
210221201
210221202
210221210
210221211
210221212
210221220
210221221
210221222
210222000
210222001
210222002
210222010
210222011
210222012
210222020
210222021
210222022
210222100
210222101
210222102
210222110
210222111
210222112
210222120
210222121
210222122
210222200
210222201
210222202
210222210
210222211
210222212
210222220
210222221
210222222
211000222
211001222
211002222
211010222
211011222
211012222
211020002
211020012
211020022
211020102
211020112
211020122
211020202
211020212
211020222
211021002
211021012
211021022
211021102
211021112
211021122
211021202
211021212
211021222
211022002
211022012
211022022
211022102
211022112
211022122
211022202
211022212
211022222
211100222
211101222
211102222
211110222
211112222
211120002
211120012
211120022
211120102
211120112
211120122
211120202
211120212
211120222
211121002
211121012
211121022
211121102
211121112
211121122
211121202
211121212
211121222
211122002
211122012
211122022
211122102
211122112
211122122
211122202
211122212
211122222
211200200
211200201
211200202
211200210
211200211
211200212
211200220
211200221
211200222
211201200
211201201
211201202
211201210
211201211
211201212
211201220
211201221
211201222
211202200
211202201
211202202
211202210
211202211
211202212
211202220
211202221
211202222
211210200
211210201
211210202
211210210
211210211
211210212
211210220
211210221
211210222
211211200
211211201
211211202
211211210
211211211
211211212
211211220
211211221
211211222
211212200
211212201
211212202
211212210
211212211
211212212
211212220
211212221
211212222
211220002
211220012
211220022
211220102
211220112
211220122
211220200
211220201
211220202
211220210
211220211
211220212
211220220
211220221
211220222
211221002
211221012
211221022
211221102
211221112
211221122
211221200
211221201
211221202
211221210
211221211
211221212
211221220
211221221
211221222
211222000
211222001
211222002
211222010
211222011
211222012
211222020
211222021
211222022
211222100
211222101
211222102
211222110
211222111
211222112
211222120
211222121
211222122
211222200
211222201
211222202
211222210
211222211
211222212
211222220
211222221
211222222
212000222
212001222
212002002
212002012
212002022
212002102
212002112
212002122
212002202
212002212
212002222
212010222
212011222
212012002
212012022
212012102
212012122
212012202
212012222
212020002
212020012
212020022
212020102
212020112
212020122
212020200
212020201
212020202
212020210
212020211
212020212
212020220
212020221
212020222
212021002
212021012
212021022
212021102
212021112
212021122
212021200
212021201
212021202
212021210
212021211
212021212
212021220
212021221
212021222
212022002
212022012
212022022
212022102
212022112
212022122
212022200
212022201
212022202
212022210
212022211
212022212
212022220
212022221
212022222
212100222
212101222
212102002
212102012
212102022
212102102
212102112
212102122
212102202
212102212
212102222
212110222
212112002
212112022
212112102
212112122
212112202
212112222
212120002
212120012
212120022
212120102
212120112
212120122
212120200
212120201
212120202
212120210
212120211
212120212
212120220
212120221
212120222
212121002
212121012
212121022
212121102
212121112
212121122
212121200
212121201
212121202
212121210
212121211
212121212
212121220
212121221
212121222
212122002
212122012
212122022
212122102
212122112
212122122
212122200
212122201
212122202
212122210
212122211
212122212
212122220
212122221
212122222
212200200
212200201
212200202
212200210
212200211
212200212
212200220
212200221
212200222
212201200
212201201
212201202
212201210
212201211
212201212
212201220
212201221
212201222
212202002
212202012
212202022
212202102
212202112
212202122
212202200
212202201
212202202
212202210
212202211
212202212
212202220
212202221
212202222
212210200
212210201
212210202
212210210
212210211
212210212
212210220
212210221
212210222
212211200
212211201
212211202
212211210
212211211
212211212
212211220
212211221
212211222
212212002
212212022
212212102
212212122
212212200
212212201
212212202
212212210
212212211
212212212
212212220
212212221
212212222
212220002
212220012
212220022
212220102
212220112
212220122
212220200
212220201
212220202
212220210
212220211
212220212
212220220
212220221
212220222
212221002
212221012
212221022
212221102
212221112
212221122
212221200
212221201
212221202
212221210
212221211
212221212
212221220
212221221
212221222
212222000
212222001
212222002
212222010
212222011
212222012
212222020
212222021
212222022
212222100
212222101
212222102
212222110
212222111
212222112
212222120
212222121
212222122
212222200
212222201
212222202
212222210
212222211
212222212
212222220
212222221
212222222
220000222
220001222
220002222
220010222
220011222
220012222
220020002
220020012
220020020
220020021
220020022
220020102
220020112
220020120
220020121
220020122
220020202
220020212
220020220
220020221
220020222
220021002
220021012
220021020
220021021
220021022
220021102
220021112
220021120
220021121
220021122
220021202
220021212
220021220
220021221
220021222
220022002
220022012
220022020
220022021
220022022
220022102
220022112
220022120
220022121
220022122
220022202
220022212
220022220
220022221
220022222
220100222
220101222
220102222
220110222
220112222
220120002
220120012
220120020
220120021
220120022
220120102
220120112
220120120
220120121
220120122
220120202
220120212
220120220
220120221
220120222
220121002
220121012
220121020
220121021
220121022
220121102
220121112
220121120
220121121
220121122
220121202
220121212
220121220
220121221
220121222
220122002
220122012
220122020
220122021
220122022
220122102
220122112
220122120
220122121
220122122
220122202
220122212
220122220
220122221
220122222
220200200
220200201
220200202
220200210
220200211
220200212
220200220
220200221
220200222
220201200
220201201
220201202
220201210
220201211
220201212
220201220
220201221
220201222
220202200
220202201
220202202
220202210
220202211
220202212
220202220
220202221
220202222
220210200
220210201
220210202
220210210
220210211
220210212
220210220
220210221
220210222
220211200
220211201
220211202
220211210
220211211
220211212
220211220
220211221
220211222
220212200
220212201
220212202
220212210
220212211
220212212
220212220
220212221
220212222
220220002
220220012
220220020
220220021
220220022
220220102
220220112
220220120
220220121
220220122
220220200
220220201
220220202
220220210
220220211
220220212
220220220
220220221
220220222
220221002
220221012
220221020
220221021
220221022
220221102
220221112
220221120
220221121
220221122
220221200
220221201
220221202
220221210
220221211
220221212
220221220
220221221
220221222
220222000
220222001
220222002
220222010
220222011
220222012
220222020
220222021
220222022
220222100
220222101
220222102
220222110
220222111
220222112
220222120
220222121
220222122
220222200
220222201
220222202
220222210
220222211
220222212
220222220
220222221
220222222
221000222
221001222
221002222
221010222
221011222
221012222
221020002
221020012
221020020
221020021
221020022
221020102
221020112
221020120
221020121
221020122
221020202
221020212
221020220
221020221
221020222
221021002
221021012
221021020
221021021
221021022
221021102
221021112
221021120
221021121
221021122
221021202
221021212
221021220
221021221
221021222
221022002
221022012
221022020
221022021
221022022
221022102
221022112
221022120
221022121
221022122
221022202
221022212
221022220
221022221
221022222
221100222
221101222
221102222
221110222
221112222
221120002
221120012
221120020
221120021
221120022
221120102
221120112
221120120
221120121
221120122
221120202
221120212
221120220
221120221
221120222
221121002
221121012
221121020
221121021
221121022
221121102
221121112
221121120
221121121
221121122
221121202
221121212
221121220
221121221
221121222
221122002
221122012
221122020
221122021
221122022
221122102
221122112
221122120
221122121
221122122
221122202
221122212
221122220
221122221
221122222
221200200
221200201
221200202
221200210
221200211
221200212
221200220
221200221
221200222
221201200
221201201
221201202
221201210
221201211
221201212
221201220
221201221
221201222
221202200
221202201
221202202
221202210
221202211
221202212
221202220
221202221
221202222
221210200
221210201
221210202
221210210
221210211
221210212
221210220
221210221
221210222
221211200
221211201
221211202
221211210
221211211
221211212
221211220
221211221
221211222
221212200
221212201
221212202
221212210
221212211
221212212
221212220
221212221
221212222
221220002
221220012
221220020
221220021
221220022
221220102
221220112
221220120
221220121
221220122
221220200
221220201
221220202
221220210
221220211
221220212
221220220
221220221
221220222
221221002
221221012
221221020
221221021
221221022
221221102
221221112
221221120
221221121
221221122
221221200
221221201
221221202
221221210
221221211
221221212
221221220
221221221
221221222
221222000
221222001
221222002
221222010
221222011
221222012
221222020
221222021
221222022
221222100
221222101
221222102
221222110
221222111
221222112
221222120
221222121
221222122
221222200
221222201
221222202
221222210
221222211
221222212
221222220
221222221
221222222
222000000
222000001
222000002
222000010
222000011
222000012
222000020
222000021
222000022
222000100
222000101
222000102
222000110
222000111
222000112
222000120
222000121
222000122
222000200
222000201
222000202
222000210
222000211
222000212
222000220
222000221
222000222
222001000
222001001
222001002
222001010
222001011
222001012
222001020
222001021
222001022
222001100
222001101
222001102
222001110
222001111
222001112
222001120
222001121
222001122
222001200
222001201
222001202
222001210
222001211
222001212
222001220
222001221
222001222
222002000
222002001
222002002
222002010
222002011
222002012
222002020
222002021
222002022
222002100
222002101
222002102
222002110
222002111
222002112
222002120
222002121
222002122
222002200
222002201
222002202
222002210
222002211
222002212
222002220
222002221
222002222
222010000
222010001
222010002
222010010
222010011
222010012
222010020
222010021
222010022
222010100
222010101
222010102
222010110
222010111
222010112
222010120
222010121
222010122
222010200
222010201
222010202
222010210
222010211
222010212
222010220
222010221
222010222
222011000
222011001
222011002
222011010
222011011
222011012
222011020
222011021
222011022
222011100
222011101
222011102
222011110
222011111
222011112
222011120
222011121
222011122
222011200
222011201
222011202
222011210
222011211
222011212
222011220
222011221
222011222
222012000
222012001
222012002
222012010
222012011
222012012
222012020
222012021
222012022
222012100
222012101
222012102
222012110
222012111
222012112
222012120
222012121
222012122
222012200
222012201
222012202
222012210
222012211
222012212
222012220
222012221
222012222
222020000
222020001
222020002
222020010
222020011
222020012
222020020
222020021
222020022
222020100
222020101
222020102
222020110
222020111
222020112
222020120
222020121
222020122
222020200
222020201
222020202
222020210
222020211
222020212
222020220
222020221
222020222
222021000
222021001
222021002
222021010
222021011
222021012
222021020
222021021
222021022
222021100
222021101
222021102
222021110
222021111
222021112
222021120
222021121
222021122
222021200
222021201
222021202
222021210
222021211
222021212
222021220
222021221
222021222
222022000
222022001
222022002
222022010
222022011
222022012
222022020
222022021
222022022
222022100
222022101
222022102
222022110
222022111
222022112
222022120
222022121
222022122
222022200
222022201
222022202
222022210
222022211
222022212
222022220
222022221
222022222
222100000
222100001
222100002
222100010
222100011
222100012
222100020
222100021
222100022
222100100
222100101
222100102
222100110
222100111
222100112
222100120
222100121
222100122
222100200
222100201
222100202
222100210
222100211
222100212
222100220
222100221
222100222
222101000
222101001
222101002
222101010
222101011
222101012
222101020
222101021
222101022
222101100
222101101
222101102
222101110
222101111
222101112
222101120
222101121
222101122
222101200
222101201
222101202
222101210
222101211
222101212
222101220
222101221
222101222
222102000
222102001
222102002
222102010
222102011
222102012
222102020
222102021
222102022
222102100
222102101
222102102
222102110
222102111
222102112
222102120
222102121
222102122
222102200
222102201
222102202
222102210
222102211
222102212
222102220
222102221
222102222
222110000
222110001
222110002
222110010
222110011
222110012
222110020
222110021
222110022
222110100
222110101
222110102
222110110
222110111
222110112
222110120
222110121
222110122
222110200
222110201
222110202
222110210
222110211
222110212
222110220
222110221
222110222
222111000
222111001
222111002
222111010
222111011
222111012
222111020
222111021
222111022
222111100
222111101
222111102
222111110
222111111
222111112
222111120
222111121
222111122
222111200
222111201
222111202
222111210
222111211
222111212
222111220
222111221
222111222
222112000
222112001
222112002
222112010
222112011
222112012
222112020
222112021
222112022
222112100
222112101
222112102
222112110
222112111
222112112
222112120
222112121
222112122
222112200
222112201
222112202
222112210
222112211
222112212
222112220
222112221
222112222
222120000
222120001
222120002
222120010
222120011
222120012
222120020
222120021
222120022
222120100
222120101
222120102
222120110
222120111
222120112
222120120
222120121
222120122
222120200
222120201
222120202
222120210
222120211
222120212
222120220
222120221
222120222
222121000
222121001
222121002
222121010
222121011
222121012
222121020
222121021
222121022
222121100
222121101
222121102
222121110
222121111
222121112
222121120
222121121
222121122
222121200
222121201
222121202
222121210
222121211
222121212
222121220
222121221
222121222
222122000
222122001
222122002
222122010
222122011
222122012
222122020
222122021
222122022
222122100
222122101
222122102
222122110
222122111
222122112
222122120
222122121
222122122
222122200
222122201
222122202
222122210
222122211
222122212
222122220
222122221
222122222
222200000
222200001
222200002
222200010
222200011
222200012
222200020
222200021
222200022
222200100
222200101
222200102
222200110
222200111
222200112
222200120
222200121
222200122
222200200
222200201
222200202
222200210
222200211
222200212
222200220
222200221
222200222
222201000
222201001
222201002
222201010
222201011
222201012
222201020
222201021
222201022
222201100
222201101
222201102
222201110
222201111
222201112
222201120
222201121
222201122
222201200
222201201
222201202
222201210
222201211
222201212
222201220
222201221
222201222
222202000
222202001
222202002
222202010
222202011
222202012
222202020
222202021
222202022
222202100
222202101
222202102
222202110
222202111
222202112
222202120
222202121
222202122
222202200
222202201
222202202
222202210
222202211
222202212
222202220
222202221
222202222
222210000
222210001
222210002
222210010
222210011
222210012
222210020
222210021
222210022
222210100
222210101
222210102
222210110
222210111
222210112
222210120
222210121
222210122
222210200
222210201
222210202
222210210
222210211
222210212
222210220
222210221
222210222
222211000
222211001
222211002
222211010
222211011
222211012
222211020
222211021
222211022
222211100
222211101
222211102
222211110
222211111
222211112
222211120
222211121
222211122
222211200
222211201
222211202
222211210
222211211
222211212
222211220
222211221
222211222
222212000
222212001
222212002
222212010
222212011
222212012
222212020
222212021
222212022
222212100
222212101
222212102
222212110
222212111
222212112
222212120
222212121
222212122
222212200
222212201
222212202
222212210
222212211
222212212
222212220
222212221
222212222
222220000
222220001
222220002
222220010
222220011
222220012
222220020
222220021
222220022
222220100
222220101
222220102
222220110
222220111
222220112
222220120
222220121
222220122
222220200
222220201
222220202
222220210
222220211
222220212
222220220
222220221
222220222
222221000
222221001
222221002
222221010
222221011
222221012
222221020
222221021
222221022
222221100
222221101
222221102
222221110
222221111
222221112
222221120
222221121
222221122
222221200
222221201
222221202
222221210
222221211
222221212
222221220
222221221
222221222
222222000
222222001
222222002
222222010
222222011
222222012
222222020
222222021
222222022
222222100
222222101
222222102
222222110
222222111
222222112
222222120
222222121
222222122
222222200
222222201
222222202
222222210
222222211
222222212
222222220
222222221
222222222