000000011
000000101
000000110
000001001
000001011
000001021
000001101
000001110
000001111
000001121
000001201
000001211
000001221
000002011
000002101
000002110
000010001
000010010
000010011
000010012
000010021
000010100
000010101
000010102
000010110
000010111
000010112
000010120
000010121
000010122
000010201
000010210
000010211
000010212
000010221
000011000
000011001
000011002
000011010
000011011
000011012
000011020
000011021
000011022
000011100
000011101
000011102
000011110
000011111
000011112
000011120
000011121
000011122
000011200
000011201
000011202
000011210
000011211
000011212
000011220
000011221
000011222
000012001
000012010
000012011
000012012
000012021
000012100
000012101
000012102
000012110
000012111
000012112
000012120
000012121
000012122
000012201
000012210
000012211
000012212
000012221
000020011
000020101
000020110
000021001
000021011
000021021
000021101
000021110
000021111
000021121
000021201
000021211
000021221
000022011
000022101
000022110
000100011
000100100
000100101
000100102
000100110
000100111
000100112
000100120
000100121
000100122
000101000
000101001
000101002
000101010
000101011
000101012
000101020
000101021
000101022
000101100
000101101
000101102
000101110
000101111
000101112
000101120
000101121
000101122
000101200
000101201
000101202
000101210
000101211
000101212
000101220
000101221
000101222
000102011
000102100
000102101
000102102
000102110
000102111
000102112
000102120
000102121
000102122
000110000
000110001
000110002
000110010
000110011
000110012
000110020
000110021
000110022
000110100
000110101
000110102
000110110
000110111
000110112
000110120
000110121
000110122
000110200
000110201
000110202
000110210
000110211
000110212
000110220
000110221
000110222
000111001
000111010
000111011
000111012
000111021
000111100
000111101
000111102
000111110
000111111
000111112
000111120
000111121
000111122
000111201
000111210
000111211
000111212
000111221
000112001
000112010
000112011
000112012
000112021
000112100
000112101
000112102
000112110
000112111
000112112
000112120
000112121
000112122
000112201
000112210
000112211
000112212
000112221
000120011
000120100
000120101
000120102
000120110
000120111
000120112
000120120
000120121
000120122
000121001
000121011
000121021
000121100
000121101
000121102
000121110
000121111
000121112
000121120
000121121
000121122
000121201
000121211
000121221
000122011
000122100
000122101
000122102
000122110
000122111
000122112
000122120
000122121
000122122
000200011
000200101
000200110
000201001
000201011
000201021
000201101
000201110
000201111
000201121
000201201
000201211
000201221
000202011
000202101
000202110
000210001
000210010
000210011
000210012
000210021
000210100
000210101
000210102
000210110
000210111
000210112
000210120
000210121
000210122
000210201
000210210
000210211
000210212
000210221
000211001
000211010
000211011
000211012
000211021
000211100
000211101
000211102
000211110
000211111
000211112
000211120
000211121
000211122
000211201
000211210
000211211
000211212
000211221
000212001
000212010
000212011
000212012
000212021
000212100
000212101
000212102
000212110
000212111
000212112
000212120
000212121
000212122
000212201
000212210
000212211
000212212
000212221
000220011
000220101
000220110
000221001
000221011
000221021
000221101
000221110
000221111
000221121
000221201
000221211
000221221
000222011
000222101
000222110
001000001
001000011
001000021
001000100
001000101
001000102
001000110
001000111
001000112
001000120
001000121
001000122
001000201
001000211
001000221
001001000
001001001
001001002
001001010
001001011
001001012
001001020
001001021
001001022
001001100
001001101
001001102
001001110
001001111
001001112
001001120
001001121
001001122
001001200
001001201
001001202
001001210
001001211
001001212
001001220
001001221
001001222
001002001
001002011
001002021
001002100
001002101
001002102
001002110
001002111
001002112
001002120
001002121
001002122
001002201
001002211
001002221
001010000
001010001
001010002
001010010
001010011
001010012
001010020
001010021
001010022
001010101
001010110
001010111
001010112
001010121
001010201
001010210
001010211
001010212
001010221
001011000
001011001
001011002
001011010
001011011
001011012
001011020
001011021
001011022
001011100
001011101
001011102
001011110
001011111
001011112
001011120
001011121
001011122
001011200
001011201
001011202
001011210
001011211
001011212
001011220
001011221
001011222
001012000
001012001
001012002
001012010
001012011
001012012
001012020
001012021
001012022
001012101
001012110
001012111
001012112
001012121
001012201
001012210
001012211
001012212
001012221
001020001
001020011
001020021
001020101
001020110
001020111
001020121
001020201
001020211
001020221
001021000
001021001
001021002
001021010
001021011
001021012
001021020
001021021
001021022
001021100
001021101
001021102
001021110
001021111
001021112
001021120
001021121
001021122
001021200
001021201
001021202
001021210
001021211
001021212
001021220
001021221
001021222
001022001
001022011
001022021
001022101
001022110
001022111
001022121
001022201
001022211
001022221
001100001
001100011
001100021
001100100
001100101
001100102
001100110
001100111
001100112
001100120
001100121
001100122
001100201
001100211
001100221
001101000
001101001
001101002
001101010
001101011
001101012
001101020
001101021
001101022
001101100
001101101
001101102
001101110
001101111
001101112
001101120
001101121
001101122
001101200
001101201
001101202
001101210
001101211
001101212
001101220
001101221
001101222
001102001
001102011
001102021
001102100
001102101
001102102
001102110
001102111
001102112
001102120
001102121
001102122
001102201
001102211
001102221
001110000
001110001
001110002
001110010
001110011
001110012
001110020
001110021
001110022
001110100
001110101
001110102
001110110
001110111
001110112
001110120
001110121
001110122
001110200
001110201
001110202
001110210
001110211
001110212
001110220
001110221
001110222
001111000
001111001
001111002
001111010
001111011
001111012
001111020
001111021
001111022
001111100
001111101
001111102
001111110
001111111
001111112
001111120
001111121
001111122
001111200
001111201
001111202
001111210
001111211
001111212
001111220
001111221
001111222
001112000
001112001
001112002
001112010
001112011
001112012
001112020
001112021
001112022
001112100
001112101
001112102
001112110
001112111
001112112
001112120
001112121
001112122
001112201
001112210
001112211
001112212
001112221
001120001
001120011
001120021
001120100
001120101
001120102
001120110
001120111
001120112
001120120
001120121
001120122
001120201
001120211
001120221
001121000
001121001
001121002
001121010
001121011
001121012
001121020
001121021
001121022
001121100
001121101
001121102
001121110
001121111
001121112
001121120
001121121
001121122
001121200
001121201
001121202
001121210
001121211
001121212
001121220
001121221
001121222
001122001
001122011
001122021
001122100
001122101
001122102
001122110
001122111
001122112
001122120
001122121
001122122
001122201
001122211
001122221
001200001
001200011
001200021
001200100
001200101
001200102
001200110
001200111
001200112
001200120
001200121
001200122
001200201
001200211
001200221
001201000
001201001
001201002
001201010
001201011
001201012
001201020
001201021
001201022
001201100
001201101
001201102
001201110
001201111
001201112
001201120
001201121
001201122
001201200
001201201
001201202
001201210
001201211
001201212
001201220
001201221
001201222
001202001
001202011
001202021
001202100
001202101
001202102
001202110
001202111
001202112
001202120
001202121
001202122
001202201
001202211
001202221
001210000
001210001
001210002
001210010
001210011
001210012
001210020
001210021
001210022
001210101
001210110
001210111
001210112
001210121
001210201
001210210
001210211
001210212
001210221
001211000
001211001
001211002
001211010
001211011
001211012
001211020
001211021
001211022
001211100
001211101
001211102
001211110
001211111
001211112
001211120
001211121
001211122
001211200
001211201
001211202
001211210
001211211
001211212
001211220
001211221
001211222
001212000
001212001
001212002
001212010
001212011
001212012
001212020
001212021
001212022
001212101
001212110
001212111
001212112
001212121
001212201
001212210
001212211
001212212
001212221
001220001
001220011
001220021
001220101
001220110
001220111
001220121
001220201
001220211
001220221
001221000
001221001
001221002
001221010
001221011
001221012
001221020
001221021
001221022
001221100
001221101
001221102
001221110
001221111
001221112
001221120
001221121
001221122
001221200
001221201
001221202
001221210
001221211
001221212
001221220
001221221
001221222
001222001
001222011
001222021
001222101
001222110
001222111
001222121
001222201
001222211
001222221
002000011
002000101
002000110
002001001
002001011
002001021
002001101
002001110
002001111
002001121
002001201
002001211
002001221
002002011
002002101
002002110
002010001
002010010
002010011
002010012
002010021
002010101
002010110
002010111
002010112
002010121
002010201
002010210
002010211
002010212
002010221
002011000
002011001
002011002
002011010
002011011
002011012
002011020
002011021
002011022
002011100
002011101
002011102
002011110
002011111
002011112
002011120
002011121
002011122
002011200
002011201
002011202
002011210
002011211
002011212
002011220
002011221
002011222
002012001
002012010
002012011
002012012
002012021
002012101
002012110
002012111
002012112
002012121
002012201
002012210
002012211
002012212
002012221
002020011
002020101
002020110
002021001
002021011
002021021
002021101
002021110
002021111
002021121
002021201
002021211
002021221
002022011
002022101
002022110
002100011
002100100
002100101
002100102
002100110
002100111
002100112
002100120
002100121
002100122
002101000
002101001
002101002
002101010
002101011
002101012
002101020
002101021
002101022
002101100
002101101
002101102
002101110
002101111
002101112
002101120
002101121
002101122
002101200
002101201
002101202
002101210
002101211
002101212
002101220
002101221
002101222
002102011
002102100
002102101
002102102
002102110
002102111
002102112
002102120
002102121
002102122
002110000
002110001
002110002
002110010
002110011
002110012
002110020
002110021
002110022
002110100
002110101
002110102
002110110
002110111
002110112
002110120
002110121
002110122
002110200
002110201
002110202
002110210
002110211
002110212
002110220
002110221
002110222
002111001
002111010
002111011
002111012
002111021
002111100
002111101
002111102
002111110
002111111
002111112
002111120
002111121
002111122
002111201
002111210
002111211
002111212
002111221
002112001
002112010
002112011
002112012
002112021
002112100
002112101
002112102
002112110
002112111
002112112
002112120
002112121
002112122
002112201
002112210
002112211
002112212
002112221
002120011
002120100
002120101
002120102
002120110
002120111
002120112
002120120
002120121
002120122
002121001
002121011
002121021
002121100
002121101
002121102
002121110
002121111
002121112
002121120
002121121
002121122
002121201
002121211
002121221
002122011
002122100
002122101
002122102
002122110
002122111
002122112
002122120
002122121
002122122
002200011
002200101
002200110
002201001
002201011
002201021
002201101
002201110
002201111
002201121
002201201
002201211
002201221
002202011
002202101
002202110
002210001
002210010
002210011
002210012
002210021
002210101
002210110
002210111
002210112
002210121
002210201
002210210
002210211
002210212
002210221
002211001
002211010
002211011
002211012
002211021
002211101
002211110
002211111
002211112
002211121
002211201
002211210
002211211
002211212
002211221
002212001
002212010
002212011
002212012
002212021
002212101
002212110
002212111
002212112
002212121
002212201
002212210
002212211
002212212
002212221
002220011
002220101
002220110
002221001
002221011
002221021
002221101
002221110
002221111
002221121
002221201
002221211
002221221
002222011
002222101
002222110
010000011
010000101
010000110
010001011
010001101
010001110
010002011
010002101
010002110
010010001
010010011
010010021
010010100
010010101
010010102
010010110
010010111
010010112
010010120
010010121
010010122
010010201
010010211
010010221
010011000
010011001
010011002
010011010
010011011
010011012
010011020
010011021
010011022
010011100
010011101
010011102
010011110
010011111
010011112
010011120
010011121
010011122
010011200
010011201
010011202
010011210
010011211
010011212
010011220
010011221
010011222
010012001
010012011
010012021
010012100
010012101
010012102
010012110
010012111
010012112
010012120
010012121
010012122
010012201
010012211
010012221
010020011
010020101
010020110
010021011
010021101
010021110
010022011
010022101
010022110
010100011
010100100
010100101
010100102
010100110
010100111
010100112
010100120
010100121
010100122
010101000
010101001
010101002
010101010
010101011
010101012
010101020
010101021
010101022
010101100
010101101
010101102
010101110
010101111
010101112
010101120
010101121
010101122
010101200
010101201
010101202
010101210
010101211
010101212
010101220
010101221
010101222
010102011
010102100
010102101
010102102
010102110
010102111
010102112
010102120
010102121
010102122
010110000
010110001
010110002
010110010
010110011
010110012
010110020
010110021
010110022
010110100
010110101
010110102
010110110
010110111
010110112
010110120
010110121
010110122
010110200
010110201
010110202
010110210
010110211
010110212
010110220
010110221
010110222
010111001
010111011
010111021
010111100
010111101
010111102
010111110
010111111
010111112
010111120
010111121
010111122
010111201
010111211
010111221
010112001
010112011
010112021
010112100
010112101
010112102
010112110
010112111
010112112
010112120
010112121
010112122
010112201
010112211
010112221
010120011
010120100
010120101
010120102
010120110
010120111
010120112
010120120
010120121
010120122
010121011
010121100
010121101
010121102
010121110
010121111
010121112
010121120
010121121
010121122
010122011
010122100
010122101
010122102
010122110
010122111
010122112
010122120
010122121
010122122
010200011
010200101
010200110
010201011
010201101
010201110
010202011
010202101
010202110
010210001
010210011
010210021
010210100
010210101
010210102
010210110
010210111
010210112
010210120
010210121
010210122
010210201
010210211
010210221
010211001
010211011
010211021
010211100
010211101
010211102
010211110
010211111
010211112
010211120
010211121
010211122
010211201
010211211
010211221
010212001
010212011
010212021
010212100
010212101
010212102
010212110
010212111
010212112
010212120
010212121
010212122
010212201
010212211
010212221
010220011
010220101
010220110
010221011
010221101
010221110
010222011
010222101
010222110
011000000
011000001
011000002
011000010
011000011
011000012
011000020
011000021
011000022
011000100
011000101
011000102
011000110
011000111
011000112
011000120
011000121
011000122
011000200
011000201
011000202
011000210
011000211
011000212
011000220
011000221
011000222
011001000
011001001
011001002
011001010
011001011
011001012
011001020
011001021
011001022
011001100
011001101
011001102
011001110
011001111
011001112
011001120
011001121
011001122
011001200
011001201
011001202
011001210
011001211
011001212
011001220
011001221
011001222
011002000
011002001
011002002
011002010
011002011
011002012
011002020
011002021
011002022
011002100
011002101
011002102
011002110
011002111
011002112
011002120
011002121
011002122
011002200
011002201
011002202
011002210
011002211
011002212
011002220
011002221
011002222
011010000
011010001
011010002
011010010
011010011
011010012
011010020
011010021
011010022
011010100
011010101
011010102
011010110
011010111
011010112
011010120
011010121
011010122
011010200
011010201
011010202
011010210
011010211
011010212
011010220
011010221
011010222
011011000
011011001
011011002
011011010
011011011
011011012
011011020
011011021
011011022
011011100
011011101
011011102
011011110
011011111
011011112
011011120
011011121
011011122
011011200
011011201
011011202
011011210
011011211
011011212
011011220
011011221
011011222
011012000
011012001
011012002
011012010
011012011
011012012
011012020
011012021
011012022
011012100
011012101
011012102
011012110
011012111
011012112
011012120
011012121
011012122
011012200
011012201
011012202
011012210
011012211
011012212
011012220
011012221
011012222
011020000
011020001
011020002
011020010
011020011
011020012
011020020
011020021
011020022
011020100
011020101
011020102
011020110
011020111
011020112
011020120
011020121
011020122
011020200
011020201
011020202
011020210
011020211
011020212
011020220
011020221
011020222
011021000
011021001
011021002
011021010
011021011
011021012
011021020
011021021
011021022
011021100
011021101
011021102
011021110
011021111
011021112
011021120
011021121
011021122
011021200
011021201
011021202
011021210
011021211
011021212
011021220
011021221
011021222
011022000
011022001
011022002
011022010
011022011
011022012
011022020
011022021
011022022
011022100
011022101
011022102
011022110
011022111
011022112
011022120
011022121
011022122
011022200
011022201
011022202
011022210
011022211
011022212
011022220
011022221
011022222
011100000
011100001
011100002
011100010
011100011
011100012
011100020
011100021
011100022
011100100
011100101
011100102
011100110
011100111
011100112
011100120
011100121
011100122
011100200
011100201
011100202
011100210
011100211
011100212
011100220
011100221
011100222
011101000
011101001
011101002
011101010
011101011
011101012
011101020
011101021
011101022
011101100
011101101
011101102
011101110
011101111
011101112
011101120
011101121
011101122
011101200
011101201
011101202
011101210
011101211
011101212
011101220
011101221
011101222
011102000
011102001
011102002
011102010
011102011
011102012
011102020
011102021
011102022
011102100
011102101
011102102
011102110
011102111
011102112
011102120
011102121
011102122
011102200
011102201
011102202
011102210
011102211
011102212
011102220
011102221
011102222
011110000
011110001
011110002
011110010
011110011
011110012
011110020
011110021
011110022
011110100
011110101
011110102
011110110
011110111
011110112
011110120
011110121
011110122
011110200
011110201
011110202
011110210
011110211
011110212
011110220
011110221
011110222
011111000
011111001
011111002
011111010
011111011
011111012
011111020
011111021
011111022
011111100
011111101
011111102
011111110
011111111
011111112
011111120
011111121
011111122
011111200
011111201
011111202
011111210
011111211
011111212
011111220
011111221
011111222
011112000
011112001
011112002
011112010
011112011
011112012
011112020
011112021
011112022
011112100
011112101
011112102
011112110
011112111
011112112
011112120
011112121
011112122
011112200
011112201
011112202
011112210
011112211
011112212
011112220
011112221
011112222
011120000
011120001
011120002
011120010
011120011
011120012
011120020
011120021
011120022
011120100
011120101
011120102
011120110
011120111
011120112
011120120
011120121
011120122
011120200
011120201
011120202
011120210
011120211
011120212
011120220
011120221
011120222
011121000
011121001
011121002
011121010
011121011
011121012
011121020
011121021
011121022
011121100
011121101
011121102
011121110
011121111
011121112
011121120
011121121
011121122
011121200
011121201
011121202
011121210
011121211
011121212
011121220
011121221
011121222
011122000
011122001
011122002
011122010
011122011
011122012
011122020
011122021
011122022
011122100
011122101
011122102
011122110
011122111
011122112
011122120
011122121
011122122
011122200
011122201
011122202
011122210
011122211
011122212
011122220
011122221
011122222
011200000
011200001
011200002
011200010
011200011
011200012
011200020
011200021
011200022
011200100
011200101
011200102
011200110
011200111
011200112
011200120
011200121
011200122
011200200
011200201
011200202
011200210
011200211
011200212
011200220
011200221
011200222
011201000
011201001
011201002
011201010
011201011
011201012
011201020
011201021
011201022
011201100
011201101
011201102
011201110
011201111
011201112
011201120
011201121
011201122
011201200
011201201
011201202
011201210
011201211
011201212
011201220
011201221
011201222
011202000
011202001
011202002
011202010
011202011
011202012
011202020
011202021
011202022
011202100
011202101
011202102
011202110
011202111
011202112
011202120
011202121
011202122
011202200
011202201
011202202
011202210
011202211
011202212
011202220
011202221
011202222
011210000
011210001
011210002
011210010
011210011
011210012
011210020
011210021
011210022
011210100
011210101
011210102
011210110
011210111
011210112
011210120
011210121
011210122
011210200
011210201
011210202
011210210
011210211
011210212
011210220
011210221
011210222
011211000
011211001
011211002
011211010
011211011
011211012
011211020
011211021
011211022
011211100
011211101
011211102
011211110
011211111
011211112
011211120
011211121
011211122
011211200
011211201
011211202
011211210
011211211
011211212
011211220
011211221
011211222
011212000
011212001
011212002
011212010
011212011
011212012
011212020
011212021
011212022
011212100
011212101
011212102
011212110
011212111
011212112
011212120
011212121
011212122
011212200
011212201
011212202
011212210
011212211
011212212
011212220
011212221
011212222
011220000
011220001
011220002
011220010
011220011
011220012
011220020
011220021
011220022
011220100
011220101
011220102
011220110
011220111
011220112
011220120
011220121
011220122
011220200
011220201
011220202
011220210
011220211
011220212
011220220
011220221
011220222
011221000
011221001
011221002
011221010
011221011
011221012
011221020
011221021
011221022
011221100
011221101
011221102
011221110
011221111
011221112
011221120
011221121
011221122
011221200
011221201
011221202
011221210
011221211
011221212
011221220
011221221
011221222
011222000
011222001
011222002
011222010
011222011
011222012
011222020
011222021
011222022
011222100
011222101
011222102
011222110
011222111
011222112
011222120
011222121
011222122
011222200
011222201
011222202
011222210
011222211
011222212
011222220
011222221
011222222
012000011
012000101
012000110
012001011
012001101
012001110
012002011
012002101
012002110
012010001
012010011
012010021
012010101
012010110
012010111
012010121
012010201
012010211
012010221
012011000
012011001
012011002
012011010
012011011
012011012
012011020
012011021
012011022
012011100
012011101
012011102
012011110
012011111
012011112
012011120
012011121
012011122
012011200
012011201
012011202
012011210
012011211
012011212
012011220
012011221
012011222
012012001
012012011
012012021
012012101
012012110
012012111
012012121
012012201
012012211
012012221
012020011
012020101
012020110
012021011
012021101
012021110
012022011
012022101
012022110
012100011
012100100
012100101
012100102
012100110
012100111
012100112
012100120
012100121
012100122
012101000
012101001
012101002
012101010
012101011
012101012
012101020
012101021
012101022
012101100
012101101
012101102
012101110
012101111
012101112
012101120
012101121
012101122
012101200
012101201
012101202
012101210
012101211
012101212
012101220
012101221
012101222
012102011
012102100
012102101
012102102
012102110
012102111
012102112
012102120
012102121
012102122
012110000
012110001
012110002
012110010
012110011
012110012
012110020
012110021
012110022
012110100
012110101
012110102
012110110
012110111
012110112
012110120
012110121
012110122
012110200
012110201
012110202
012110210
012110211
012110212
012110220
012110221
012110222
012111001
012111011
012111021
012111100
012111101
012111102
012111110
012111111
012111112
012111120
012111121
012111122
012111201
012111211
012111221
012112001
012112011
012112021
012112100
012112101
012112102
012112110
012112111
012112112
012112120
012112121
012112122
012112201
012112211
012112221
012120011
012120100
012120101
012120102
012120110
012120111
012120112
012120120
012120121
012120122
012121011
012121100
012121101
012121102
012121110
012121111
012121112
012121120
012121121
012121122
012122011
012122100
012122101
012122102
012122110
012122111
012122112
012122120
012122121
012122122
012200011
012200101
012200110
012201011
012201101
012201110
012202011
012202101
012202110
012210001
012210011
012210021
012210101
012210110
012210111
012210121
012210201
012210211
012210221
012211001
012211011
012211021
012211101
012211110
012211111
012211121
012211201
012211211
012211221
012212001
012212011
012212021
012212101
012212110
012212111
012212121
012212201
012212211
012212221
012220011
012220101
012220110
012221011
012221101
012221110
012222011
012222101
012222110
020000011
020000101
020000110
020001011
020001101
020001110
020002011
020002101
020002110
020010001
020010011
020010021
020010100
020010101
020010102
020010110
020010111
020010112
020010120
020010121
020010122
020010201
020010211
020010221
020011000
020011001
020011002
020011010
020011011
020011012
020011020
020011021
020011022
020011100
020011101
020011102
020011110
020011111
020011112
020011120
020011121
020011122
020011200
020011201
020011202
020011210
020011211
020011212
020011220
020011221
020011222
020012001
020012011
020012021
020012100
020012101
020012102
020012110
020012111
020012112
020012120
020012121
020012122
020012201
020012211
020012221
020020011
020020101
020020110
020021011
020021101
020021110
020022011
020022101
020022110
020100011
020100100
020100101
020100102
020100110
020100111
020100112
020100120
020100121
020100122
020101000
020101001
020101002
020101010
020101011
020101012
020101020
020101021
020101022
020101100
020101101
020101102
020101110
020101111
020101112
020101120
020101121
020101122
020101200
020101201
020101202
020101210
020101211
020101212
020101220
020101221
020101222
020102011
020102100
020102101
020102102
020102110
020102111
020102112
020102120
020102121
020102122
020110000
020110001
020110002
020110010
020110011
020110012
020110020
020110021
020110022
020110100
020110101
020110102
020110110
020110111
020110112
020110120
020110121
020110122
020110200
020110201
020110202
020110210
020110211
020110212
020110220
020110221
020110222
020111001
020111011
020111021
020111100
020111101
020111102
020111110
020111111
020111112
020111120
020111121
020111122
020111201
020111211
020111221
020112001
020112011
020112021
020112100
020112101
020112102
020112110
020112111
020112112
020112120
020112121
020112122
020112201
020112211
020112221
020120011
020120100
020120101
020120102
020120110
020120111
020120112
020120120
020120121
020120122
020121011
020121100
020121101
020121102
020121110
020121111
020121112
020121120
020121121
020121122
020122011
020122100
020122101
020122102
020122110
020122111
020122112
020122120
020122121
020122122
020200011
020200101
020200110
020201011
020201101
020201110
020202011
020202101
020202110
020210001
020210011
020210021
020210100
020210101
020210102
020210110
020210111
020210112
020210120
020210121
020210122
020210201
020210211
020210221
020211001
020211011
020211021
020211100
020211101
020211102
020211110
020211111
020211112
020211120
020211121
020211122
020211201
020211211
020211221
020212001
020212011
020212021
020212100
020212101
020212102
020212110
020212111
020212112
020212120
020212121
020212122
020212201
020212211
020212221
020220011
020220101
020220110
020221011
020221101
020221110
020222011
020222101
020222110
021000011
021000100
021000101
021000102
021000110
021000111
021000112
021000120
021000121
021000122
021001011
021001100
021001101
021001102
021001110
021001111
021001112
021001120
021001121
021001122
021002011
021002100
021002101
021002102
021002110
021002111
021002112
021002120
021002121
021002122
021010000
021010001
021010002
021010010
021010011
021010012
021010020
021010021
021010022
021010101
021010110
021010111
021010121
021010201
021010211
021010221
021011000
021011001
021011002
021011010
021011011
021011012
021011020
021011021
021011022
021011100
021011101
021011102
021011110
021011111
021011112
021011120
021011121
021011122
021011200
021011201
021011202
021011210
021011211
021011212
021011220
021011221
021011222
021012000
021012001
021012002
021012010
021012011
021012012
021012020
021012021
021012022
021012101
021012110
021012111
021012121
021012201
021012211
021012221
021020011
021020101
021020110
021021011
021021101
021021110
021022011
021022101
021022110
021100011
021100100
021100101
021100102
021100110
021100111
021100112
021100120
021100121
021100122
021101000
021101001
021101002
021101010
021101011
021101012
021101020
021101021
021101022
021101100
021101101
021101102
021101110
021101111
021101112
021101120
021101121
021101122
021101200
021101201
021101202
021101210
021101211
021101212
021101220
021101221
021101222
021102011
021102100
021102101
021102102
021102110
021102111
021102112
021102120
021102121
021102122
021110000
021110001
021110002
021110010
021110011
021110012
021110020
021110021
021110022
021110100
021110101
021110102
021110110
021110111
021110112
021110120
021110121
021110122
021110200
021110201
021110202
021110210
021110211
021110212
021110220
021110221
021110222
021111000
021111001
021111002
021111010
021111011
021111012
021111020
021111021
021111022
021111100
021111101
021111102
021111110
021111111
021111112
021111120
021111121
021111122
021111201
021111211
021111221
021112000
021112001
021112002
021112010
021112011
021112012
021112020
021112021
021112022
021112100
021112101
021112102
021112110
021112111
021112112
021112120
021112121
021112122
021112201
021112211
021112221
021120011
021120100
021120101
021120102
021120110
021120111
021120112
021120120
021120121
021120122
021121011
021121100
021121101
021121102
021121110
021121111
021121112
021121120
021121121
021121122
021122011
021122100
021122101
021122102
021122110
021122111
021122112
021122120
021122121
021122122
021200011
021200100
021200101
021200102
021200110
021200111
021200112
021200120
021200121
021200122
021201011
021201100
021201101
021201102
021201110
021201111
021201112
021201120
021201121
021201122
021202011
021202100
021202101
021202102
021202110
021202111
021202112
021202120
021202121
021202122
021210000
021210001
021210002
021210010
021210011
021210012
021210020
021210021
021210022
021210101
021210110
021210111
021210121
021210201
021210211
021210221
021211000
021211001
021211002
021211010
021211011
021211012
021211020
021211021
021211022
021211101
021211110
021211111
021211121
021211201
021211211
021211221
021212000
021212001
021212002
021212010
021212011
021212012
021212020
021212021
021212022
021212101
021212110
021212111
021212121
021212201
021212211
021212221
021220011
021220101
021220110
021221011
021221101
021221110
021222011
021222101
021222110
022000011
022000101
022000110
022001011
022001101
022001110
022002011
022002101
022002110
022010001
022010011
022010021
022010101
022010110
022010111
022010121
022010201
022010211
022010221
022011000
022011001
022011002
022011010
022011011
022011012
022011020
022011021
022011022
022011100
022011101
022011102
022011110
022011111
022011112
022011120
022011121
022011122
022011200
022011201
022011202
022011210
022011211
022011212
022011220
022011221
022011222
022012001
022012011
022012021
022012101
022012110
022012111
022012121
022012201
022012211
022012221
022020011
022020101
022020110
022021011
022021101
022021110
022022011
022022101
022022110
022100011
022100100
022100101
022100102
022100110
022100111
022100112
022100120
022100121
022100122
022101000
022101001
022101002
022101010
022101011
022101012
022101020
022101021
022101022
022101100
022101101
022101102
022101110
022101111
022101112
022101120
022101121
022101122
022101200
022101201
022101202
022101210
022101211
022101212
022101220
022101221
022101222
022102011
022102100
022102101
022102102
022102110
022102111
022102112
022102120
022102121
022102122
022110000
022110001
022110002
022110010
022110011
022110012
022110020
022110021
022110022
022110100
022110101
022110102
022110110
022110111
022110112
022110120
022110121
022110122
022110200
022110201
022110202
022110210
022110211
022110212
022110220
022110221
022110222
022111001
022111011
022111021
022111100
022111101
022111102
022111110
022111111
022111112
022111120
022111121
022111122
022111201
022111211
022111221
022112001
022112011
022112021
022112100
022112101
022112102
022112110
022112111
022112112
022112120
022112121
022112122
022112201
022112211
022112221
022120011
022120100
022120101
022120102
022120110
022120111
022120112
022120120
022120121
022120122
022121011
022121100
022121101
022121102
022121110
022121111
022121112
022121120
022121121
022121122
022122011
022122100
022122101
022122102
022122110
022122111
022122112
022122120
022122121
022122122
022200011
022200101
022200110
022201011
022201101
022201110
022202011
022202101
022202110
022210001
022210011
022210021
022210101
022210110
022210111
022210121
022210201
022210211
022210221
022211001
022211011
022211021
022211101
022211110
022211111
022211121
022211201
022211211
022211221
022212001
022212011
022212021
022212101
022212110
022212111
022212121
022212201
022212211
022212221
022220011
022220101
022220110
022221011
022221101
022221110
022222011
022222101
022222110
100000001
100000011
100000021
100000101
100000110
100000111
100000121
100000201
100000211
100000221
100001001
100001011
100001021
100001101
100001110
100001111
100001121
100001201
100001211
100001221
100002001
100002011
100002021
100002101
100002110
100002111
100002121
100002201
100002211
100002221
100010000
100010010
100010011
100010012
100010020
100010100
100010101
100010102
100010110
100010111
100010112
100010120
100010121
100010122
100010200
100010210
100010211
100010212
100010220
100011000
100011001
100011002
100011010
100011011
100011012
100011020
100011021
100011022
100011100
100011101
100011102
100011110
100011111
100011112
100011120
100011121
100011122
100011200
100011201
100011202
100011210
100011211
100011212
100011220
100011221
100011222
100012000
100012010
100012011
100012012
100012020
100012100
100012101
100012102
100012110
100012111
100012112
100012120
100012121
100012122
100012200
100012210
100012211
100012212
100012220
100020011
100020101
100020110
100021001
100021011
100021021
100021101
100021110
100021111
100021121
100021201
100021211
100021221
100022011
100022101
100022110
100100001
100100011
100100021
100100101
100100110
100100111
100100121
100100201
100100211
100100221
100101000
100101001
100101002
100101010
100101011
100101012
100101020
100101021
100101022
100101100
100101101
100101102
100101110
100101111
100101112
100101120
100101121
100101122
100101200
100101201
100101202
100101210
100101211
100101212
100101220
100101221
100101222
100102001
100102011
100102021
100102101
100102110
100102111
100102121
100102201
100102211
100102221
100110000
100110001
100110002
100110010
100110011
100110012
100110020
100110021
100110022
100110100
100110101
100110102
100110110
100110111
100110112
100110120
100110121
100110122
100110200
100110201
100110202
100110210
100110211
100110212
100110220
100110221
100110222
100111000
100111001
100111010
100111011
100111012
100111020
100111021
100111100
100111101
100111102
100111110
100111111
100111112
100111120
100111121
100111122
100111200
100111201
100111210
100111211
100111212
100111220
100111221
100112000
100112010
100112011
100112012
100112020
100112100
100112101
100112102
100112110
100112111
100112112
100112120
100112121
100112122
100112200
100112210
100112211
100112212
100112220
100120011
100120101
100120110
100121001
100121011
100121021
100121101
100121110
100121111
100121121
100121201
100121211
100121221
100122011
100122101
100122110
100200001
100200011
100200021
100200101
100200110
100200111
100200121
100200201
100200211
100200221
100201001
100201011
100201021
100201101
100201110
100201111
100201121
100201201
100201211
100201221
100202001
100202011
100202021
100202101
100202110
100202111
100202121
100202201
100202211
100202221
100210000
100210010
100210011
100210012
100210020
100210100
100210101
100210102
100210110
100210111
100210112
100210120
100210121
100210122
100210200
100210210
100210211
100210212
100210220
100211000
100211001
100211010
100211011
100211012
100211020
100211021
100211100
100211101
100211102
100211110
100211111
100211112
100211120
100211121
100211122
100211200
100211201
100211210
100211211
100211212
100211220
100211221
100212000
100212010
100212011
100212012
100212020
100212100
100212101
100212102
100212110
100212111
100212112
100212120
100212121
100212122
100212200
100212210
100212211
100212212
100212220
100220011
100220101
100220110
100221001
100221011
100221021
100221101
100221110
100221111
100221121
100221201
100221211
100221221
100222011
100222101
100222110
101000000
101000001
101000002
101000010
101000011
101000012
101000020
101000021
101000022
101000100
101000101
101000102
101000110
101000111
101000112
101000120
101000121
101000122
101000200
101000201
101000202
101000210
101000211
101000212
101000220
101000221
101000222
101001000
101001001
101001002
101001010
101001011
101001012
101001020
101001021
101001022
101001100
101001101
101001102
101001110
101001111
101001112
101001120
101001121
101001122
101001200
101001201
101001202
101001210
101001211
101001212
101001220
101001221
101001222
101002000
101002001
101002002
101002010
101002011
101002012
101002020
101002021
101002022
101002100
101002101
101002102
101002110
101002111
101002112
101002120
101002121
101002122
101002200
101002201
101002202
101002210
101002211
101002212
101002220
101002221
101002222
101010000
101010001
101010002
101010010
101010011
101010012
101010020
101010021
101010022
101010100
101010101
101010102
101010110
101010111
101010112
101010120
101010121
101010122
101010200
101010201
101010202
101010210
101010211
101010212
101010220
101010221
101010222
101011000
101011001
101011002
101011010
101011011
101011012
101011020
101011021
101011022
101011100
101011101
101011102
101011110
101011111
101011112
101011120
101011121
101011122
101011200
101011201
101011202
101011210
101011211
101011212
101011220
101011221
101011222
101012000
101012001
101012002
101012010
101012011
101012012
101012020
101012021
101012022
101012100
101012101
101012102
101012110
101012111
101012112
101012120
101012121
101012122
101012200
101012201
101012202
101012210
101012211
101012212
101012220
101012221
101012222
101020000
101020001
101020002
101020010
101020011
101020012
101020020
101020021
101020022
101020100
101020101
101020102
101020110
101020111
101020112
101020120
101020121
101020122
101020200
101020201
101020202
101020210
101020211
101020212
101020220
101020221
101020222
101021000
101021001
101021002
101021010
101021011
101021012
101021020
101021021
101021022
101021100
101021101
101021102
101021110
101021111
101021112
101021120
101021121
101021122
101021200
101021201
101021202
101021210
101021211
101021212
101021220
101021221
101021222
101022000
101022001
101022002
101022010
101022011
101022012
101022020
101022021
101022022
101022100
101022101
101022102
101022110
101022111
101022112
101022120
101022121
101022122
101022200
101022201
101022202
101022210
101022211
101022212
101022220
101022221
101022222
101100000
101100001
101100002
101100010
101100011
101100012
101100020
101100021
101100022
101100100
101100101
101100102
101100110
101100111
101100112
101100120
101100121
101100122
101100200
101100201
101100202
101100210
101100211
101100212
101100220
101100221
101100222
101101000
101101001
101101002
101101010
101101011
101101012
101101020
101101021
101101022
101101100
101101101
101101102
101101110
101101111
101101112
101101120
101101121
101101122
101101200
101101201
101101202
101101210
101101211
101101212
101101220
101101221
101101222
101102000
101102001
101102002
101102010
101102011
101102012
101102020
101102021
101102022
101102100
101102101
101102102
101102110
101102111
101102112
101102120
101102121
101102122
101102200
101102201
101102202
101102210
101102211
101102212
101102220
101102221
101102222
101110000
101110001
101110002
101110010
101110011
101110012
101110020
101110021
101110022
101110100
101110101
101110102
101110110
101110111
101110112
101110120
101110121
101110122
101110200
101110201
101110202
101110210
101110211
101110212
101110220
101110221
101110222
101111000
101111001
101111002
101111010
101111011
101111012
101111020
101111021
101111022
101111100
101111101
101111102
101111110
101111111
101111112
101111120
101111121
101111122
101111200
101111201
101111202
101111210
101111211
101111212
101111220
101111221
101111222
101112000
101112001
101112002
101112010
101112011
101112012
101112020
101112021
101112022
101112100
101112101
101112102
101112110
101112111
101112112
101112120
101112121
101112122
101112200
101112201
101112202
101112210
101112211
101112212
101112220
101112221
101112222
101120000
101120001
101120002
101120010
101120011
101120012
101120020
101120021
101120022
101120100
101120101
101120102
101120110
101120111
101120112
101120120
101120121
101120122
101120200
101120201
101120202
101120210
101120211
101120212
101120220
101120221
101120222
101121000
101121001
101121002
101121010
101121011
101121012
101121020
101121021
101121022
101121100
101121101
101121102
101121110
101121111
101121112
101121120
101121121
101121122
101121200
101121201
101121202
101121210
101121211
101121212
101121220
101121221
101121222
101122000
101122001
101122002
101122010
101122011
101122012
101122020
101122021
101122022
101122100
101122101
101122102
101122110
101122111
101122112
101122120
101122121
101122122
101122200
101122201
101122202
101122210
101122211
101122212
101122220
101122221
101122222
101200000
101200001
101200002
101200010
101200011
101200012
101200020
101200021
101200022
101200100
101200101
101200102
101200110
101200111
101200112
101200120
101200121
101200122
101200200
101200201
101200202
101200210
101200211
101200212
101200220
101200221
101200222
101201000
101201001
101201002
101201010
101201011
101201012
101201020
101201021
101201022
101201100
101201101
101201102
101201110
101201111
101201112
101201120
101201121
101201122
101201200
101201201
101201202
101201210
101201211
101201212
101201220
101201221
101201222
101202000
101202001
101202002
101202010
101202011
101202012
101202020
101202021
101202022
101202100
101202101
101202102
101202110
101202111
101202112
101202120
101202121
101202122
101202200
101202201
101202202
101202210
101202211
101202212
101202220
101202221
101202222
101210000
101210001
101210002
101210010
101210011
101210012
101210020
101210021
101210022
101210100
101210101
101210102
101210110
101210111
101210112
101210120
101210121
101210122
101210200
101210201
101210202
101210210
101210211
101210212
101210220
101210221
101210222
101211000
101211001
101211002
101211010
101211011
101211012
101211020
101211021
101211022
101211100
101211101
101211102
101211110
101211111
101211112
101211120
101211121
101211122
101211200
101211201
101211202
101211210
101211211
101211212
101211220
101211221
101211222
101212000
101212001
101212002
101212010
101212011
101212012
101212020
101212021
101212022
101212100
101212101
101212102
101212110
101212111
101212112
101212120
101212121
101212122
101212200
101212201
101212202
101212210
101212211
101212212
101212220
101212221
101212222
101220000
101220001
101220002
101220010
101220011
101220012
101220020
101220021
101220022
101220100
101220101
101220102
101220110
101220111
101220112
101220120
101220121
101220122
101220200
101220201
101220202
101220210
101220211
101220212
101220220
101220221
101220222
101221000
101221001
101221002
101221010
101221011
101221012
101221020
101221021
101221022
101221100
101221101
101221102
101221110
101221111
101221112
101221120
101221121
101221122
101221200
101221201
101221202
101221210
101221211
101221212
101221220
101221221
101221222
101222000
101222001
101222002
101222010
101222011
101222012
101222020
101222021
101222022
101222100
101222101
101222102
101222110
101222111
101222112
101222120
101222121
101222122
101222200
101222201
101222202
101222210
101222211
101222212
101222220
101222221
101222222
102000001
102000011
102000021
102000101
102000110
102000111
102000121
102000201
102000211
102000221
102001001
102001011
102001021
102001101
102001110
102001111
102001121
102001201
102001211
102001221
102002001
102002011
102002021
102002101
102002110
102002111
102002121
102002201
102002211
102002221
102010000
102010010
102010011
102010012
102010020
102010100
102010101
102010110
102010111
102010112
102010120
102010200
102010210
102010211
102010212
102010220
102011000
102011001
102011002
102011010
102011011
102011012
102011020
102011021
102011022
102011100
102011101
102011102
102011110
102011111
102011112
102011120
102011121
102011122
102011200
102011201
102011202
102011210
102011211
102011212
102011220
102011221
102011222
102012000
102012010
102012011
102012012
102012020
102012100
102012101
102012110
102012111
102012112
102012120
102012200
102012210
102012211
102012212
102012220
102020011
102020101
102020110
102021001
102021011
102021021
102021101
102021110
102021111
102021121
102021201
102021211
102021221
102022011
102022101
102022110
102100001
102100011
102100021
102100101
102100110
102100111
102100121
102100201
102100211
102100221
102101000
102101001
102101002
102101010
102101011
102101012
102101020
102101021
102101022
102101100
102101101
102101102
102101110
102101111
102101112
102101120
102101121
102101122
102101200
102101201
102101202
102101210
102101211
102101212
102101220
102101221
102101222
102102001
102102011
102102021
102102101
102102110
102102111
102102121
102102201
102102211
102102221
102110000
102110001
102110002
102110010
102110011
102110012
102110020
102110021
102110022
102110100
102110101
102110102
102110110
102110111
102110112
102110120
102110121
102110122
102110200
102110201
102110202
102110210
102110211
102110212
102110220
102110221
102110222
102111000
102111001
102111010
102111011
102111012
102111020
102111021
102111100
102111101
102111110
102111111
102111112
102111120
102111121
102111200
102111201
102111210
102111211
102111212
102111220
102111221
102112000
102112010
102112011
102112012
102112020
102112100
102112101
102112110
102112111
102112112
102112120
102112200
102112210
102112211
102112212
102112220
102120011
102120101
102120110
102121001
102121011
102121021
102121101
102121110
102121111
102121121
102121201
102121211
102121221
102122011
102122101
102122110
102200001
102200011
102200021
102200101
102200110
102200111
102200121
102200201
102200211
102200221
102201001
102201011
102201021
102201101
102201110
102201111
102201121
102201201
102201211
102201221
102202001
102202011
102202021
102202101
102202110
102202111
102202121
102202201
102202211
102202221
102210000
102210010
102210011
102210012
102210020
102210100
102210101
102210110
102210111
102210112
102210120
102210200
102210210
102210211
102210212
102210220
102211000
102211001
102211010
102211011
102211012
102211020
102211021
102211100
102211101
102211110
102211111
102211112
102211120
102211121
102211200
102211201
102211210
102211211
102211212
102211220
102211221
102212000
102212010
102212011
102212012
102212020
102212100
102212101
102212110
102212111
102212112
102212120
102212200
102212210
102212211
102212212
102212220
102220011
102220101
102220110
102221001
102221011
102221021
102221101
102221110
102221111
102221121
102221201
102221211
102221221
102222011
102222101
102222110
110000000
110000001
110000002
110000010
110000011
110000012
110000020
110000021
110000022
110000100
110000101
110000102
110000110
110000111
110000112
110000120
110000121
110000122
110000200
110000201
110000202
110000210
110000211
110000212
110000220
110000221
110000222
110001000
110001001
110001002
110001010
110001011
110001012
110001020
110001021
110001022
110001100
110001101
110001102
110001110
110001111
110001112
110001120
110001121
110001122
110001200
110001201
110001202
110001210
110001211
110001212
110001220
110001221
110001222
110002000
110002001
110002002
110002010
110002011
110002012
110002020
110002021
110002022
110002100
110002101
110002102
110002110
110002111
110002112
110002120
110002121
110002122
110002200
110002201
110002202
110002210
110002211
110002212
110002220
110002221
110002222
110010000
110010001
110010002
110010010
110010011
110010012
110010020
110010021
110010022
110010100
110010101
110010102
110010110
110010111
110010112
110010120
110010121
110010122
110010200
110010201
110010202
110010210
110010211
110010212
110010220
110010221
110010222
110011000
110011001
110011002
110011010
110011011
110011012
110011020
110011021
110011022
110011100
110011101
110011102
110011110
110011111
110011112
110011120
110011121
110011122
110011200
110011201
110011202
110011210
110011211
110011212
110011220
110011221
110011222
110012000
110012001
110012002
110012010
110012011
110012012
110012020
110012021
110012022
110012100
110012101
110012102
110012110
110012111
110012112
110012120
110012121
110012122
110012200
110012201
110012202
110012210
110012211
110012212
110012220
110012221
110012222
110020000
110020001
110020002
110020010
110020011
110020012
110020020
110020021
110020022
110020100
110020101
110020102
110020110
110020111
110020112
110020120
110020121
110020122
110020200
110020201
110020202
110020210
110020211
110020212
110020220
110020221
110020222
110021000
110021001
110021002
110021010
110021011
110021012
110021020
110021021
110021022
110021100
110021101
110021102
110021110
110021111
110021112
110021120
110021121
110021122
110021200
110021201
110021202
110021210
110021211
110021212
110021220
110021221
110021222
110022000
110022001
110022002
110022010
110022011
110022012
110022020
110022021
110022022
110022100
110022101
110022102
110022110
110022111
110022112
110022120
110022121
110022122
110022200
110022201
110022202
110022210
110022211
110022212
110022220
110022221
110022222
110100000
110100001
110100002
110100010
110100011
110100012
110100020
110100021
110100022
110100100
110100101
110100102
110100110
110100111
110100112
110100120
110100121
110100122
110100200
110100201
110100202
110100210
110100211
110100212
110100220
110100221
110100222
110101000
110101001
110101002
110101010
110101011
110101012
110101020
110101021
110101022
110101100
110101101
110101102
110101110
110101111
110101112
110101120
110101121
110101122
110101200
110101201
110101202
110101210
110101211
110101212
110101220
110101221
110101222
110102000
110102001
110102002
110102010
110102011
110102012
110102020
110102021
110102022
110102100
110102101
110102102
110102110
110102111
110102112
110102120
110102121
110102122
110102200
110102201
110102202
110102210
110102211
110102212
110102220
110102221
110102222
110110000
110110001
110110002
110110010
110110011
110110012
110110020
110110021
110110022
110110100
110110101
110110102
110110110
110110111
110110112
110110120
110110121
110110122
110110200
110110201
110110202
110110210
110110211
110110212
110110220
110110221
110110222
110111000
110111001
110111002
110111010
110111011
110111012
110111020
110111021
110111022
110111100
110111101
110111102
110111110
110111111
110111112
110111120
110111121
110111122
110111200
110111201
110111202
110111210
110111211
110111212
110111220
110111221
110111222
110112000
110112001
110112002
110112010
110112011
110112012
110112020
110112021
110112022
110112100
110112101
110112102
110112110
110112111
110112112
110112120
110112121
110112122
110112200
110112201
110112202
110112210
110112211
110112212
110112220
110112221
110112222
110120000
110120001
110120002
110120010
110120011
110120012
110120020
110120021
110120022
110120100
110120101
110120102
110120110
110120111
110120112
110120120
110120121
110120122
110120200
110120201
110120202
110120210
110120211
110120212
110120220
110120221
110120222
110121000
110121001
110121002
110121010
110121011
110121012
110121020
110121021
110121022
110121100
110121101
110121102
110121110
110121111
110121112
110121120
110121121
110121122
110121200
110121201
110121202
110121210
110121211
110121212
110121220
110121221
110121222
110122000
110122001
110122002
110122010
110122011
110122012
110122020
110122021
110122022
110122100
110122101
110122102
110122110
110122111
110122112
110122120
110122121
110122122
110122200
110122201
110122202
110122210
110122211
110122212
110122220
110122221
110122222
110200000
110200001
110200002
110200010
110200011
110200012
110200020
110200021
110200022
110200100
110200101
110200102
110200110
110200111
110200112
110200120
110200121
110200122
110200200
110200201
110200202
110200210
110200211
110200212
110200220
110200221
110200222
110201000
110201001
110201002
110201010
110201011
110201012
110201020
110201021
110201022
110201100
110201101
110201102
110201110
110201111
110201112
110201120
110201121
110201122
110201200
110201201
110201202
110201210
110201211
110201212
110201220
110201221
110201222
110202000
110202001
110202002
110202010
110202011
110202012
110202020
110202021
110202022
110202100
110202101
110202102
110202110
110202111
110202112
110202120
110202121
110202122
110202200
110202201
110202202
110202210
110202211
110202212
110202220
110202221
110202222
110210000
110210001
110210002
110210010
110210011
110210012
110210020
110210021
110210022
110210100
110210101
110210102
110210110
110210111
110210112
110210120
110210121
110210122
110210200
110210201
110210202
110210210
110210211
110210212
110210220
110210221
110210222
110211000
110211001
110211002
110211010
110211011
110211012
110211020
110211021
110211022
110211100
110211101
110211102
110211110
110211111
110211112
110211120
110211121
110211122
110211200
110211201
110211202
110211210
110211211
110211212
110211220
110211221
110211222
110212000
110212001
110212002
110212010
110212011
110212012
110212020
110212021
110212022
110212100
110212101
110212102
110212110
110212111
110212112
110212120
110212121
110212122
110212200
110212201
110212202
110212210
110212211
110212212
110212220
110212221
110212222
110220000
110220001
110220002
110220010
110220011
110220012
110220020
110220021
110220022
110220100
110220101
110220102
110220110
110220111
110220112
110220120
110220121
110220122
110220200
110220201
110220202
110220210
110220211
110220212
110220220
110220221
110220222
110221000
110221001
110221002
110221010
110221011
110221012
110221020
110221021
110221022
110221100
110221101
110221102
110221110
110221111
110221112
110221120
110221121
110221122
110221200
110221201
110221202
110221210
110221211
110221212
110221220
110221221
110221222
110222000
110222001
110222002
110222010
110222011
110222012
110222020
110222021
110222022
110222100
110222101
110222102
110222110
110222111
110222112
110222120
110222121
110222122
110222200
110222201
110222202
110222210
110222211
110222212
110222220
110222221
110222222
111000001
111000011
111000021
111000100
111000101
111000102
111000110
111000111
111000112
111000120
111000121
111000122
111000201
111000211
111000221
111001001
111001011
111001021
111001100
111001101
111001102
111001110
111001111
111001112
111001120
111001121
111001122
111001201
111001211
111001221
111002001
111002011
111002021
111002100
111002101
111002102
111002110
111002111
111002112
111002120
111002121
111002122
111002201
111002211
111002221
111010000
111010001
111010002
111010010
111010011
111010012
111010020
111010021
111010022
111010100
111010101
111010110
111010120
111010200
111010210
111010220
111011000
111011001
111011002
111011010
111011011
111011012
111011020
111011021
111011022
111011100
111011101
111011102
111011110
111011111
111011112
111011120
111011121
111011122
111011200
111011201
111011202
111011210
111011211
111011212
111011220
111011221
111011222
111012000
111012001
111012002
111012010
111012011
111012012
111012020
111012021
111012022
111012100
111012101
111012110
111012120
111012200
111012210
111012220
111020011
111020101
111020110
111021011
111021101
111021110
111022011
111022101
111022110
111100001
111100011
111100021
111100100
111100101
111100102
111100110
111100111
111100112
111100120
111100121
111100122
111100201
111100211
111100221
111101000
111101001
111101002
111101010
111101011
111101012
111101020
111101021
111101022
111101100
111101101
111101102
111101110
111101111
111101112
111101120
111101121
111101122
111101200
111101201
111101202
111101210
111101211
111101212
111101220
111101221
111101222
111102001
111102011
111102021
111102100
111102101
111102102
111102110
111102111
111102112
111102120
111102121
111102122
111102201
111102211
111102221
111110000
111110001
111110002
111110010
111110011
111110012
111110020
111110021
111110022
111110100
111110101
111110102
111110110
111110111
111110112
111110120
111110121
111110122
111110200
111110201
111110202
111110210
111110211
111110212
111110220
111110221
111110222
111111000
111111001
111111002
111111010
111111011
111111012
111111020
111111021
111111022
111111100
111111101
111111110
111111120
111111200
111111210
111111220
111112000
111112001
111112002
111112010
111112011
111112012
111112020
111112021
111112022
111112100
111112101
111112110
111112120
111112200
111112210
111112220
111120011
111120101
111120110
111121011
111121101
111121110
111122011
111122101
111122110
111200001
111200011
111200021
111200100
111200101
111200102
111200110
111200111
111200112
111200120
111200121
111200122
111200201
111200211
111200221
111201001
111201011
111201021
111201100
111201101
111201102
111201110
111201111
111201112
111201120
111201121
111201122
111201201
111201211
111201221
111202001
111202011
111202021
111202100
111202101
111202102
111202110
111202111
111202112
111202120
111202121
111202122
111202201
111202211
111202221
111210000
111210001
111210002
111210010
111210011
111210012
111210020
111210021
111210022
111210100
111210101
111210110
111210120
111210200
111210210
111210220
111211000
111211001
111211002
111211010
111211011
111211012
111211020
111211021
111211022
111211100
111211101
111211110
111211120
111211200
111211210
111211220
111212000
111212001
111212002
111212010
111212011
111212012
111212020
111212021
111212022
111212100
111212101
111212110
111212120
111212200
111212210
111212220
111220011
111220101
111220110
111221011
111221101
111221110
111222011
111222101
111222110
112000001
112000011
112000021
112000101
112000110
112000111
112000121
112000201
112000211
112000221
112001001
112001011
112001021
112001101
112001110
112001111
112001121
112001201
112001211
112001221
112002001
112002011
112002021
112002101
112002110
112002111
112002121
112002201
112002211
112002221
112010000
112010010
112010011
112010020
112010100
112010101
112010110
112010120
112010200
112010210
112010220
112011000
112011001
112011002
112011010
112011011
112011012
112011020
112011021
112011022
112011100
112011101
112011102
112011110
112011111
112011112
112011120
112011121
112011122
112011200
112011201
112011202
112011210
112011211
112011212
112011220
112011221
112011222
112012000
112012010
112012011
112012020
112012100
112012101
112012110
112012120
112012200
112012210
112012220
112020011
112020101
112020110
112021011
112021101
112021110
112022011
112022101
112022110
112100001
112100011
112100021
112100101
112100110
112100111
112100121
112100201
112100211
112100221
112101000
112101001
112101002
112101010
112101011
112101012
112101020
112101021
112101022
112101100
112101101
112101102
112101110
112101111
112101112
112101120
112101121
112101122
112101200
112101201
112101202
112101210
112101211
112101212
112101220
112101221
112101222
112102001
112102011
112102021
112102101
112102110
112102111
112102121
112102201
112102211
112102221
112110000
112110001
112110002
112110010
112110011
112110012
112110020
112110021
112110022
112110100
112110101
112110102
112110110
112110111
112110112
112110120
112110121
112110122
112110200
112110201
112110202
112110210
112110211
112110212
112110220
112110221
112110222
112111000
112111010
112111011
112111020
112111100
112111101
112111110
112111120
112111200
112111210
112111220
112112000
112112010
112112011
112112020
112112100
112112101
112112110
112112120
112112200
112112210
112112220
112120011
112120101
112120110
112121011
112121101
112121110
112122011
112122101
112122110
112200001
112200011
112200021
112200101
112200110
112200111
112200121
112200201
112200211
112200221
112201001
112201011
112201021
112201101
112201110
112201111
112201121
112201201
112201211
112201221
112202001
112202011
112202021
112202101
112202110
112202111
112202121
112202201
112202211
112202221
112210000
112210010
112210011
112210020
112210100
112210101
112210110
112210120
112210200
112210210
112210220
112211000
112211010
112211011
112211020
112211100
112211101
112211110
112211120
112211200
112211210
112211220
112212000
112212010
112212011
112212020
112212100
112212101
112212110
112212120
112212200
112212210
112212220
112220011
112220101
112220110
112221011
112221101
112221110
112222011
112222101
112222110
120000001
120000011
120000021
120000101
120000110
120000111
120000121
120000201
120000211
120000221
120001001
120001011
120001021
120001101
120001110
120001111
120001121
120001201
120001211
120001221
120002001
120002011
120002021
120002101
120002110
120002111
120002121
120002201
120002211
120002221
120010000
120010010
120010011
120010020
120010100
120010101
120010102
120010110
120010111
120010112
120010120
120010121
120010122
120010200
120010210
120010220
120011000
120011001
120011002
120011010
120011011
120011012
120011020
120011021
120011022
120011100
120011101
120011102
120011110
120011111
120011112
120011120
120011121
120011122
120011200
120011201
120011202
120011210
120011211
120011212
120011220
120011221
120011222
120012000
120012010
120012011
120012020
120012100
120012101
120012102
120012110
120012111
120012112
120012120
120012121
120012122
120012200
120012210
120012220
120020011
120020101
120020110
120021011
120021101
120021110
120022011
120022101
120022110
120100001
120100011
120100021
120100101
120100110
120100111
120100121
120100201
120100211
120100221
120101000
120101001
120101002
120101010
120101011
120101012
120101020
120101021
120101022
120101100
120101101
120101102
120101110
120101111
120101112
120101120
120101121
120101122
120101200
120101201
120101202
120101210
120101211
120101212
120101220
120101221
120101222
120102001
120102011
120102021
120102101
120102110
120102111
120102121
120102201
120102211
120102221
120110000
120110001
120110002
120110010
120110011
120110012
120110020
120110021
120110022
120110100
120110101
120110102
120110110
120110111
120110112
120110120
120110121
120110122
120110200
120110201
120110202
120110210
120110211
120110212
120110220
120110221
120110222
120111000
120111010
120111011
120111020
120111100
120111101
120111102
120111110
120111111
120111112
120111120
120111121
120111122
120111200
120111210
120111220
120112000
120112010
120112011
120112020
120112100
120112101
120112102
120112110
120112111
120112112
120112120
120112121
120112122
120112200
120112210
120112220
120120011
120120101
120120110
120121011
120121101
120121110
120122011
120122101
120122110
120200001
120200011
120200021
120200101
120200110
120200111
120200121
120200201
120200211
120200221
120201001
120201011
120201021
120201101
120201110
120201111
120201121
120201201
120201211
120201221
120202001
120202011
120202021
120202101
120202110
120202111
120202121
120202201
120202211
120202221
120210000
120210010
120210011
120210020
120210100
120210101
120210102
120210110
120210111
120210112
120210120
120210121
120210122
120210200
120210210
120210220
120211000
120211010
120211011
120211020
120211100
120211101
120211102
120211110
120211111
120211112
120211120
120211121
120211122
120211200
120211210
120211220
120212000
120212010
120212011
120212020
120212100
120212101
120212102
120212110
120212111
120212112
120212120
120212121
120212122
120212200
120212210
120212220
120220011
120220101
120220110
120221011
120221101
120221110
120222011
120222101
120222110
121000001
121000011
121000021
121000100
121000101
121000102
121000110
121000111
121000112
121000120
121000121
121000122
121000201
121000211
121000221
121001001
121001011
121001021
121001100
121001101
121001102
121001110
121001111
121001112
121001120
121001121
121001122
121001201
121001211
121001221
121002001
121002011
121002021
121002100
121002101
121002102
121002110
121002111
121002112
121002120
121002121
121002122
121002201
121002211
121002221
121010000
121010001
121010002
121010010
121010011
121010012
121010020
121010021
121010022
121010100
121010101
121010110
121010120
121010200
121010210
121010220
121011000
121011001
121011002
121011010
121011011
121011012
121011020
121011021
121011022
121011100
121011101
121011102
121011110
121011111
121011112
121011120
121011121
121011122
121011200
121011201
121011202
121011210
121011211
121011212
121011220
121011221
121011222
121012000
121012001
121012002
121012010
121012011
121012012
121012020
121012021
121012022
121012100
121012101
121012110
121012120
121012200
121012210
121012220
121020011
121020101
121020110
121021011
121021101
121021110
121022011
121022101
121022110
121100001
121100011
121100021
121100100
121100101
121100102
121100110
121100111
121100112
121100120
121100121
121100122
121100201
121100211
121100221
121101000
121101001
121101002
121101010
121101011
121101012
121101020
121101021
121101022
121101100
121101101
121101102
121101110
121101111
121101112
121101120
121101121
121101122
121101200
121101201
121101202
121101210
121101211
121101212
121101220
121101221
121101222
121102001
121102011
121102021
121102100
121102101
121102102
121102110
121102111
121102112
121102120
121102121
121102122
121102201
121102211
121102221
121110000
121110001
121110002
121110010
121110011
121110012
121110020
121110021
121110022
121110100
121110101
121110102
121110110
121110111
121110112
121110120
121110121
121110122
121110200
121110201
121110202
121110210
121110211
121110212
121110220
121110221
121110222
121111000
121111001
121111002
121111010
121111011
121111012
121111020
121111021
121111022
121111100
121111101
121111110
121111120
121111200
121111210
121111220
121112000
121112001
121112002
121112010
121112011
121112012
121112020
121112021
121112022
121112100
121112101
121112110
121112120
121112200
121112210
121112220
121120011
121120101
121120110
121121011
121121101
121121110
121122011
121122101
121122110
121200001
121200011
121200021
121200100
121200101
121200102
121200110
121200111
121200112
121200120
121200121
121200122
121200201
121200211
121200221
121201001
121201011
121201021
121201100
121201101
121201102
121201110
121201111
121201112
121201120
121201121
121201122
121201201
121201211
121201221
121202001
121202011
121202021
121202100
121202101
121202102
121202110
121202111
121202112
121202120
121202121
121202122
121202201
121202211
121202221
121210000
121210001
121210002
121210010
121210011
121210012
121210020
121210021
121210022
121210100
121210101
121210110
121210120
121210200
121210210
121210220
121211000
121211001
121211002
121211010
121211011
121211012
121211020
121211021
121211022
121211100
121211101
121211110
121211120
121211200
121211210
121211220
121212000
121212001
121212002
121212010
121212011
121212012
121212020
121212021
121212022
121212100
121212101
121212110
121212120
121212200
121212210
121212220
121220011
121220101
121220110
121221011
121221101
121221110
121222011
121222101
121222110
122000001
122000011
122000021
122000101
122000110
122000111
122000121
122000201
122000211
122000221
122001001
122001011
122001021
122001101
122001110
122001111
122001121
122001201
122001211
122001221
122002001
122002011
122002021
122002101
122002110
122002111
122002121
122002201
122002211
122002221
122010000
122010010
122010011
122010020
122010100
122010101
122010110
122010120
122010200
122010210
122010220
122011000
122011001
122011002
122011010
122011011
122011012
122011020
122011021
122011022
122011100
122011101
122011102
122011110
122011111
122011112
122011120
122011121
122011122
122011200
122011201
122011202
122011210
122011211
122011212
122011220
122011221
122011222
122012000
122012010
122012011
122012020
122012100
122012101
122012110
122012120
122012200
122012210
122012220
122020011
122020101
122020110
122021011
122021101
122021110
122022011
122022101
122022110
122100001
122100011
122100021
122100101
122100110
122100111
122100121
122100201
122100211
122100221
122101000
122101001
122101002
122101010
122101011
122101012
122101020
122101021
122101022
122101100
122101101
122101102
122101110
122101111
122101112
122101120
122101121
122101122
122101200
122101201
122101202
122101210
122101211
122101212
122101220
122101221
122101222
122102001
122102011
122102021
122102101
122102110
122102111
122102121
122102201
122102211
122102221
122110000
122110001
122110002
122110010
122110011
122110012
122110020
122110021
122110022
122110100
122110101
122110102
122110110
122110111
122110112
122110120
122110121
122110122
122110200
122110201
122110202
122110210
122110211
122110212
122110220
122110221
122110222
122111000
122111010
122111011
122111020
122111100
122111101
122111110
122111120
122111200
122111210
122111220
122112000
122112010
122112011
122112020
122112100
122112101
122112110
122112120
122112200
122112210
122112220
122120011
122120101
122120110
122121011
122121101
122121110
122122011
122122101
122122110
122200001
122200011
122200021
122200101
122200110
122200111
122200121
122200201
122200211
122200221
122201001
122201011
122201021
122201101
122201110
122201111
122201121
122201201
122201211
122201221
122202001
122202011
122202021
122202101
122202110
122202111
122202121
122202201
122202211
122202221
122210000
122210010
122210011
122210020
122210100
122210101
122210110
122210120
122210200
122210210
122210220
122211000
122211010
122211011
122211020
122211100
122211101
122211110
122211120
122211200
122211210
122211220
122212000
122212010
122212011
122212020
122212100
122212101
122212110
122212120
122212200
122212210
122212220
122220011
122220101
122220110
122221011
122221101
122221110
122222011
122222101
122222110
200000011
200000101
200000110
200001001
200001011
200001021
200001101
200001110
200001111
200001121
200001201
200001211
200001221
200002011
200002101
200002110
200010010
200010011
200010012
200010100
200010101
200010102
200010110
200010111
200010112
200010120
200010121
200010122
200010210
200010211
200010212
200011000
200011001
200011002
200011010
200011011
200011012
200011020
200011021
200011022
200011100
200011101
200011102
200011110
200011111
200011112
200011120
200011121
200011122
200011200
200011201
200011202
200011210
200011211
200011212
200011220
200011221
200011222
200012010
200012011
200012012
200012100
200012101
200012102
200012110
200012111
200012112
200012120
200012121
200012122
200012210
200012211
200012212
200020011
200020101
200020110
200021001
200021011
200021021
200021101
200021110
200021111
200021121
200021201
200021211
200021221
200022011
200022101
200022110
200100011
200100101
200100110
200101000
200101001
200101002
200101010
200101011
200101012
200101020
200101021
200101022
200101100
200101101
200101102
200101110
200101111
200101112
200101120
200101121
200101122
200101200
200101201
200101202
200101210
200101211
200101212
200101220
200101221
200101222
200102011
200102101
200102110
200110000
200110001
200110002
200110010
200110011
200110012
200110020
200110021
200110022
200110100
200110101
200110102
200110110
200110111
200110112
200110120
200110121
200110122
200110200
200110201
200110202
200110210
200110211
200110212
200110220
200110221
200110222
200111001
200111010
200111011
200111012
200111021
200111100
200111101
200111102
200111110
200111111
200111112
200111120
200111121
200111122
200111201
200111210
200111211
200111212
200111221
200112010
200112011
200112012
200112100
200112101
200112102
200112110
200112111
200112112
200112120
200112121
200112122
200112210
200112211
200112212
200120011
200120101
200120110
200121001
200121011
200121021
200121101
200121110
200121111
200121121
200121201
200121211
200121221
200122011
200122101
200122110
200200011
200200101
200200110
200201001
200201011
200201021
200201101
200201110
200201111
200201121
200201201
200201211
200201221
200202011
200202101
200202110
200210010
200210011
200210012
200210100
200210101
200210102
200210110
200210111
200210112
200210120
200210121
200210122
200210210
200210211
200210212
200211001
200211010
200211011
200211012
200211021
200211100
200211101
200211102
200211110
200211111
200211112
200211120
200211121
200211122
200211201
200211210
200211211
200211212
200211221
200212010
200212011
200212012
200212100
200212101
200212102
200212110
200212111
200212112
200212120
200212121
200212122
200212210
200212211
200212212
200220011
200220101
200220110
200221001
200221011
200221021
200221101
200221110
200221111
200221121
200221201
200221211
200221221
200222011
200222101
200222110
201000001
201000011
201000021
201000100
201000101
201000102
201000110
201000111
201000112
201000120
201000121
201000122
201000201
201000211
201000221
201001000
201001001
201001002
201001010
201001011
201001012
201001020
201001021
201001022
201001100
201001101
201001102
201001110
201001111
201001112
201001120
201001121
201001122
201001200
201001201
201001202
201001210
201001211
201001212
201001220
201001221
201001222
201002001
201002011
201002021
201002100
201002101
201002102
201002110
201002111
201002112
201002120
201002121
201002122
201002201
201002211
201002221
201010000
201010001
201010002
201010010
201010011
201010012
201010020
201010021
201010022
201010101
201010110
201010111
201010112
201010121
201010201
201010210
201010211
201010212
201010221
201011000
201011001
201011002
201011010
201011011
201011012
201011020
201011021
201011022
201011100
201011101
201011102
201011110
201011111
201011112
201011120
201011121
201011122
201011200
201011201
201011202
201011210
201011211
201011212
201011220
201011221
201011222
201012000
201012001
201012002
201012010
201012011
201012012
201012020
201012021
201012022
201012101
201012110
201012111
201012112
201012121
201012201
201012210
201012211
201012212
201012221
201020001
201020011
201020021
201020101
201020110
201020111
201020121
201020201
201020211
201020221
201021000
201021001
201021002
201021010
201021011
201021012
201021020
201021021
201021022
201021100
201021101
201021102
201021110
201021111
201021112
201021120
201021121
201021122
201021200
201021201
201021202
201021210
201021211
201021212
201021220
201021221
201021222
201022001
201022011
201022021
201022101
201022110
201022111
201022121
201022201
201022211
201022221
201100001
201100011
201100021
201100100
201100101
201100102
201100110
201100111
201100112
201100120
201100121
201100122
201100201
201100211
201100221
201101000
201101001
201101002
201101010
201101011
201101012
201101020
201101021
201101022
201101100
201101101
201101102
201101110
201101111
201101112
201101120
201101121
201101122
201101200
201101201
201101202
201101210
201101211
201101212
201101220
201101221
201101222
201102001
201102011
201102021
201102100
201102101
201102102
201102110
201102111
201102112
201102120
201102121
201102122
201102201
201102211
201102221
201110000
201110001
201110002
201110010
201110011
201110012
201110020
201110021
201110022
201110100
201110101
201110102
201110110
201110111
201110112
201110120
201110121
201110122
201110200
201110201
201110202
201110210
201110211
201110212
201110220
201110221
201110222
201111000
201111001
201111002
201111010
201111011
201111012
201111020
201111021
201111022
201111100
201111101
201111102
201111110
201111111
201111112
201111120
201111121
201111122
201111200
201111201
201111202
201111210
201111211
201111212
201111220
201111221
201111222
201112000
201112001
201112002
201112010
201112011
201112012
201112020
201112021
201112022
201112101
201112110
201112111
201112112
201112121
201112201
201112210
201112211
201112212
201112221
201120001
201120011
201120021
201120101
201120110
201120111
201120121
201120201
201120211
201120221
201121000
201121001
201121002
201121010
201121011
201121012
201121020
201121021
201121022
201121100
201121101
201121102
201121110
201121111
201121112
201121120
201121121
201121122
201121200
201121201
201121202
201121210
201121211
201121212
201121220
201121221
201121222
201122001
201122011
201122021
201122101
201122110
201122111
201122121
201122201
201122211
201122221
201200001
201200011
201200021
201200100
201200101
201200102
201200110
201200111
201200112
201200120
201200121
201200122
201200201
201200211
201200221
201201000
201201001
201201002
201201010
201201011
201201012
201201020
201201021
201201022
201201100
201201101
201201102
201201110
201201111
201201112
201201120
201201121
201201122
201201200
201201201
201201202
201201210
201201211
201201212
201201220
201201221
201201222
201202001
201202011
201202021
201202100
201202101
201202102
201202110
201202111
201202112
201202120
201202121
201202122
201202201
201202211
201202221
201210000
201210001
201210002
201210010
201210011
201210012
201210020
201210021
201210022
201210101
201210110
201210111
201210112
201210121
201210201
201210210
201210211
201210212
201210221
201211000
201211001
201211002
201211010
201211011
201211012
201211020
201211021
201211022
201211100
201211101
201211102
201211110
201211111
201211112
201211120
201211121
201211122
201211200
201211201
201211202
201211210
201211211
201211212
201211220
201211221
201211222
201212000
201212001
201212002
201212010
201212011
201212012
201212020
201212021
201212022
201212101
201212110
201212111
201212112
201212121
201212201
201212210
201212211
201212212
201212221
201220001
201220011
201220021
201220101
201220110
201220111
201220121
201220201
201220211
201220221
201221000
201221001
201221002
201221010
201221011
201221012
201221020
201221021
201221022
201221100
201221101
201221102
201221110
201221111
201221112
201221120
201221121
201221122
201221200
201221201
201221202
201221210
201221211
201221212
201221220
201221221
201221222
201222001
201222011
201222021
201222101
201222110
201222111
201222121
201222201
201222211
201222221
202000011
202000101
202000110
202001001
202001011
202001021
202001101
202001110
202001111
202001121
202001201
202001211
202001221
202002011
202002101
202002110
202010010
202010011
202010012
202010101
202010110
202010111
202010112
202010210
202010211
202010212
202011000
202011001
202011002
202011010
202011011
202011012
202011020
202011021
202011022
202011100
202011101
202011102
202011110
202011111
202011112
202011120
202011121
202011122
202011200
202011201
202011202
202011210
202011211
202011212
202011220
202011221
202011222
202012010
202012011
202012012
202012101
202012110
202012111
202012112
202012210
202012211
202012212
202020011
202020101
202020110
202021001
202021011
202021021
202021101
202021110
202021111
202021121
202021201
202021211
202021221
202022011
202022101
202022110
202100011
202100101
202100110
202101000
202101001
202101002
202101010
202101011
202101012
202101020
202101021
202101022
202101100
202101101
202101102
202101110
202101111
202101112
202101120
202101121
202101122
202101200
202101201
202101202
202101210
202101211
202101212
202101220
202101221
202101222
202102011
202102101
202102110
202110000
202110001
202110002
202110010
202110011
202110012
202110020
202110021
202110022
202110100
202110101
202110102
202110110
202110111
202110112
202110120
202110121
202110122
202110200
202110201
202110202
202110210
202110211
202110212
202110220
202110221
202110222
202111001
202111010
202111011
202111012
202111021
202111101
202111110
202111111
202111112
202111121
202111201
202111210
202111211
202111212
202111221
202112010
202112011
202112012
202112101
202112110
202112111
202112112
202112210
202112211
202112212
202120011
202120101
202120110
202121001
202121011
202121021
202121101
202121110
202121111
202121121
202121201
202121211
202121221
202122011
202122101
202122110
202200011
202200101
202200110
202201001
202201011
202201021
202201101
202201110
202201111
202201121
202201201
202201211
202201221
202202011
202202101
202202110
202210010
202210011
202210012
202210101
202210110
202210111
202210112
202210210
202210211
202210212
202211001
202211010
202211011
202211012
202211021
202211101
202211110
202211111
202211112
202211121
202211201
202211210
202211211
202211212
202211221
202212010
202212011
202212012
202212101
202212110
202212111
202212112
202212210
202212211
202212212
202220011
202220101
202220110
202221001
202221011
202221021
202221101
202221110
202221111
202221121
202221201
202221211
202221221
202222011
202222101
202222110
210000011
210000101
210000110
210001011
210001101
210001110
210002011
210002101
210002110
210010011
210010100
210010101
210010102
210010110
210010111
210010112
210010120
210010121
210010122
210011000
210011001
210011002
210011010
210011011
210011012
210011020
210011021
210011022
210011100
210011101
210011102
210011110
210011111
210011112
210011120
210011121
210011122
210011200
210011201
210011202
210011210
210011211
210011212
210011220
210011221
210011222
210012011
210012100
210012101
210012102
210012110
210012111
210012112
210012120
210012121
210012122
210020011
210020101
210020110
210021011
210021101
210021110
210022011
210022101
210022110
210100011
210100101
210100110
210101000
210101001
210101002
210101010
210101011
210101012
210101020
210101021
210101022
210101100
210101101
210101102
210101110
210101111
210101112
210101120
210101121
210101122
210101200
210101201
210101202
210101210
210101211
210101212
210101220
210101221
210101222
210102011
210102101
210102110
210110000
210110001
210110002
210110010
210110011
210110012
210110020
210110021
210110022
210110100
210110101
210110102
210110110
210110111
210110112
210110120
210110121
210110122
210110200
210110201
210110202
210110210
210110211
210110212
210110220
210110221
210110222
210111011
210111100
210111101
210111102
210111110
210111111
210111112
210111120
210111121
210111122
210112011
210112100
210112101
210112102
210112110
210112111
210112112
210112120
210112121
210112122
210120011
210120101
210120110
210121011
210121101
210121110
210122011
210122101
210122110
210200011
210200101
210200110
210201011
210201101
210201110
210202011
210202101
210202110
210210011
210210100
210210101
210210102
210210110
210210111
210210112
210210120
210210121
210210122
210211011
210211100
210211101
210211102
210211110
210211111
210211112
210211120
210211121
210211122
210212011
210212100
210212101
210212102
210212110
210212111
210212112
210212120
210212121
210212122
210220011
210220101
210220110
210221011
210221101
210221110
210222011
210222101
210222110
211000011
211000100
211000101
211000102
211000110
211000111
211000112
211000120
211000121
211000122
211001011
211001100
211001101
211001102
211001110
211001111
211001112
211001120
211001121
211001122
211002011
211002100
211002101
211002102
211002110
211002111
211002112
211002120
211002121
211002122
211010000
211010001
211010002
211010010
211010011
211010012
211010020
211010021
211010022
211010101
211010110
211011000
211011001
211011002
211011010
211011011
211011012
211011020
211011021
211011022
211011100
211011101
211011102
211011110
211011111
211011112
211011120
211011121
211011122
211011200
211011201
211011202
211011210
211011211
211011212
211011220
211011221
211011222
211012000
211012001
211012002
211012010
211012011
211012012
211012020
211012021
211012022
211012101
211012110
211020011
211020101
211020110
211021011
211021101
211021110
211022011
211022101
211022110
211100011
211100100
211100101
211100102
211100110
211100111
211100112
211100120
211100121
211100122
211101000
211101001
211101002
211101010
211101011
211101012
211101020
211101021
211101022
211101100
211101101
211101102
211101110
211101111
211101112
211101120
211101121
211101122
211101200
211101201
211101202
211101210
211101211
211101212
211101220
211101221
211101222
211102011
211102100
211102101
211102102
211102110
211102111
211102112
211102120
211102121
211102122
211110000
211110001
211110002
211110010
211110011
211110012
211110020
211110021
211110022
211110100
211110101
211110102
211110110
211110111
211110112
211110120
211110121
211110122
211110200
211110201
211110202
211110210
211110211
211110212
211110220
211110221
211110222
211111000
211111001
211111002
211111010
211111011
211111012
211111020
211111021
211111022
211111101
211111110
211112000
211112001
211112002
211112010
211112011
211112012
211112020
211112021
211112022
211112101
211112110
211120011
211120101
211120110
211121011
211121101
211121110
211122011
211122101
211122110
211200011
211200100
211200101
211200102
211200110
211200111
211200112
211200120
211200121
211200122
211201011
211201100
211201101
211201102
211201110
211201111
211201112
211201120
211201121
211201122
211202011
211202100
211202101
211202102
211202110
211202111
211202112
211202120
211202121
211202122
211210000
211210001
211210002
211210010
211210011
211210012
211210020
211210021
211210022
211210101
211210110
211211000
211211001
211211002
211211010
211211011
211211012
211211020
211211021
211211022
211211101
211211110
211212000
211212001
211212002
211212010
211212011
211212012
211212020
211212021
211212022
211212101
211212110
211220011
211220101
211220110
211221011
211221101
211221110
211222011
211222101
211222110
212000011
212000101
212000110
212001011
212001101
212001110
212002011
212002101
212002110
212010011
212010101
212010110
212011000
212011001
212011002
212011010
212011011
212011012
212011020
212011021
212011022
212011100
212011101
212011102
212011110
212011111
212011112
212011120
212011121
212011122
212011200
212011201
212011202
212011210
212011211
212011212
212011220
212011221
212011222
212012011
212012101
212012110
212020011
212020101
212020110
212021011
212021101
212021110
212022011
212022101
212022110
212100011
212100101
212100110
212101000
212101001
212101002
212101010
212101011
212101012
212101020
212101021
212101022
212101100
212101101
212101102
212101110
212101111
212101112
212101120
212101121
212101122
212101200
212101201
212101202
212101210
212101211
212101212
212101220
212101221
212101222
212102011
212102101
212102110
212110000
212110001
212110002
212110010
212110011
212110012
212110020
212110021
212110022
212110100
212110101
212110102
212110110
212110111
212110112
212110120
212110121
212110122
212110200
212110201
212110202
212110210
212110211
212110212
212110220
212110221
212110222
212111011
212111101
212111110
212112011
212112101
212112110
212120011
212120101
212120110
212121011
212121101
212121110
212122011
212122101
212122110
212200011
212200101
212200110
212201011
212201101
212201110
212202011
212202101
212202110
212210011
212210101
212210110
212211011
212211101
212211110
212212011
212212101
212212110
212220011
212220101
212220110
212221011
212221101
212221110
212222011
212222101
212222110
220000011
220000101
220000110
220001011
220001101
220001110
220002011
220002101
220002110
220010011
220010100
220010101
220010102
220010110
220010111
220010112
220010120
220010121
220010122
220011000
220011001
220011002
220011010
220011011
220011012
220011020
220011021
220011022
220011100
220011101
220011102
220011110
220011111
220011112
220011120
220011121
220011122
220011200
220011201
220011202
220011210
220011211
220011212
220011220
220011221
220011222
220012011
220012100
220012101
220012102
220012110
220012111
220012112
220012120
220012121
220012122
220020011
220020101
220020110
220021011
220021101
220021110
220022011
220022101
220022110
220100011
220100101
220100110
220101000
220101001
220101002
220101010
220101011
220101012
220101020
220101021
220101022
220101100
220101101
220101102
220101110
220101111
220101112
220101120
220101121
220101122
220101200
220101201
220101202
220101210
220101211
220101212
220101220
220101221
220101222
220102011
220102101
220102110
220110000
220110001
220110002
220110010
220110011
220110012
220110020
220110021
220110022
220110100
220110101
220110102
220110110
220110111
220110112
220110120
220110121
220110122
220110200
220110201
220110202
220110210
220110211
220110212
220110220
220110221
220110222
220111011
220111100
220111101
220111102
220111110
220111111
220111112
220111120
220111121
220111122
220112011
220112100
220112101
220112102
220112110
220112111
220112112
220112120
220112121
220112122
220120011
220120101
220120110
220121011
220121101
220121110
220122011
220122101
220122110
220200011
220200101
220200110
220201011
220201101
220201110
220202011
220202101
220202110
220210011
220210100
220210101
220210102
220210110
220210111
220210112
220210120
220210121
220210122
220211011
220211100
220211101
220211102
220211110
220211111
220211112
220211120
220211121
220211122
220212011
220212100
220212101
220212102
220212110
220212111
220212112
220212120
220212121
220212122
220220011
220220101
220220110
220221011
220221101
220221110
220222011
220222101
220222110
221000011
221000100
221000101
221000102
221000110
221000111
221000112
221000120
221000121
221000122
221001011
221001100
221001101
221001102
221001110
221001111
221001112
221001120
221001121
221001122
221002011
221002100
221002101
221002102
221002110
221002111
221002112
221002120
221002121
221002122
221010000
221010001
221010002
221010010
221010011
221010012
221010020
221010021
221010022
221010101
221010110
221011000
221011001
221011002
221011010
221011011
221011012
221011020
221011021
221011022
221011100
221011101
221011102
221011110
221011111
221011112
221011120
221011121
221011122
221011200
221011201
221011202
221011210
221011211
221011212
221011220
221011221
221011222
221012000
221012001
221012002
221012010
221012011
221012012
221012020
221012021
221012022
221012101
221012110
221020011
221020101
221020110
221021011
221021101
221021110
221022011
221022101
221022110
221100011
221100100
221100101
221100102
221100110
221100111
221100112
221100120
221100121
221100122
221101000
221101001
221101002
221101010
221101011
221101012
221101020
221101021
221101022
221101100
221101101
221101102
221101110
221101111
221101112
221101120
221101121
221101122
221101200
221101201
221101202
221101210
221101211
221101212
221101220
221101221
221101222
221102011
221102100
221102101
221102102
221102110
221102111
221102112
221102120
221102121
221102122
221110000
221110001
221110002
221110010
221110011
221110012
221110020
221110021
221110022
221110100
221110101
221110102
221110110
221110111
221110112
221110120
221110121
221110122
221110200
221110201
221110202
221110210
221110211
221110212
221110220
221110221
221110222
221111000
221111001
221111002
221111010
221111011
221111012
221111020
221111021
221111022
221111101
221111110
221112000
221112001
221112002
221112010
221112011
221112012
221112020
221112021
221112022
221112101
221112110
221120011
221120101
221120110
221121011
221121101
221121110
221122011
221122101
221122110
221200011
221200100
221200101
221200102
221200110
221200111
221200112
221200120
221200121
221200122
221201011
221201100
221201101
221201102
221201110
221201111
221201112
221201120
221201121
221201122
221202011
221202100
221202101
221202102
221202110
221202111
221202112
221202120
221202121
221202122
221210000
221210001
221210002
221210010
221210011
221210012
221210020
221210021
221210022
221210101
221210110
221211000
221211001
221211002
221211010
221211011
221211012
221211020
221211021
221211022
221211101
221211110
221212000
221212001
221212002
221212010
221212011
221212012
221212020
221212021
221212022
221212101
221212110
221220011
221220101
221220110
221221011
221221101
221221110
221222011
221222101
221222110
222000011
222000101
222000110
222001011
222001101
222001110
222002011
222002101
222002110
222010011
222010101
222010110
222011000
222011001
222011002
222011010
222011011
222011012
222011020
222011021
222011022
222011100
222011101
222011102
222011110
222011111
222011112
222011120
222011121
222011122
222011200
222011201
222011202
222011210
222011211
222011212
222011220
222011221
222011222
222012011
222012101
222012110
222020011
222020101
222020110
222021011
222021101
222021110
222022011
222022101
222022110
222100011
222100101
222100110
222101000
222101001
222101002
222101010
222101011
222101012
222101020
222101021
222101022
222101100
222101101
222101102
222101110
222101111
222101112
222101120
222101121
222101122
222101200
222101201
222101202
222101210
222101211
222101212
222101220
222101221
222101222
222102011
222102101
222102110
222110000
222110001
222110002
222110010
222110011
222110012
222110020
222110021
222110022
222110100
222110101
222110102
222110110
222110111
222110112
222110120
222110121
222110122
222110200
222110201
222110202
222110210
222110211
222110212
222110220
222110221
222110222
222111011
222111101
222111110
222112011
222112101
222112110
222120011
222120101
222120110
222121011
222121101
222121110
222122011
222122101
222122110
222200011
222200101
222200110
222201011
222201101
222201110
222202011
222202101
222202110
222210011
222210101
222210110
222211011
222211101
222211110
222212011
222212101
222212110
222220011
222220101
222220110
222221011
222221101
222221110
222222011
222222101
222222110