000022111
000111022
000111202
000111220
000111222
000202111
000220111
001001221
001010122
001012102
001012120
001012122
001021021
001021201
001021221
001111222
001112122
001121221
001201021
001201201
001201221
001210102
001210120
001210122
001211122
001211221
001212100
001212102
001212112
001212120
001212121
001212122
001221001
001221021
001221121
001221201
001221211
001221221
002002111
002020111
002022111
002111002
002111020
002111022
002111122
002111200
002111202
002111212
002111220
002111221
002111222
002122111
002200111
002202111
002212111
002220111
002221111
010010212
010012012
010012210
010012212
010111222
010112212
010210012
010210210
010210212
010211212
010212010
010212012
010212112
010212210
010212211
010212212
011012122
011012212
011021221
011201221
011210122
011210212
011212012
011212102
011212120
011212122
011212210
011212212
011221021
011221201
011221221
012010012
012010210
012010212
012011212
012012010
012012012
012012112
012012210
012012211
012012212
012022111
012110212
012111022
012111202
012111220
012111222
012112012
012112210
012112212
012202111
012210010
012210012
012210112
012210210
012210211
012210212
012211012
012211210
012211212
012212010
012212011
012212012
012212110
012212112
012212210
012212211
012220111
020002111
020020111
020022111
020111002
020111020
020111022
020111122
020111200
020111202
020111212
020111220
020111221
020111222
020122111
020200111
020202111
020212111
020220111
020221111
021001021
021001201
021001221
021010102
021010120
021010122
021011122
021011221
021012100
021012102
021012112
021012120
021012121
021012122
021021001
021021201
021021211
021022111
021101221
021110122
021111022
021111202
021111220
021111222
021112102
021112120
021112122
021121201
021201001
021201021
021201121
021201201
021201211
021201221
021202111
021210100
021210102
021210112
021210120
021210121
021210122
021211021
021211102
021211120
021211122
021211201
021211221
021212100
021212101
021212102
021212110
021212112
021212120
021212121
021220111
021221001
021221011
021221101
021221201
021221211
022000111
022002111
022012111
022020111
022021111
022022111
022102111
022111000
022111002
022111012
022111020
022111021
022111022
022111102
022111120
022111122
022111200
022111201
022111202
022111210
022111212
022111220
022111221
022120111
022122111
022200111
022201111
022202111
022210111
022212111
022220111
022221111
100010221
100012021
100012201
100012221
100100122
100102102
100102120
100102122
100111222
100112122
100112221
100120102
100120120
100120122
100121122
100122100
100122102
100122112
100122120
100122121
100122122
100210021
100210201
100210221
100211221
100212001
100212021
100212121
100212201
100212211
100212221
101012122
101012221
101021221
101102122
101120122
101122102
101122120
101122122
101201221
101210122
101210221
101212021
101212102
101212120
101212122
101212201
101212221
101221021
101221201
101221221
102010021
102010201
102010221
102011221
102012001
102012021
102012121
102012201
102012211
102012221
102022111
102100102
102100120
102100122
102101122
102102100
102102102
102102112
102102120
102102121
102102122
102110122
102110221
102111022
102111202
102111220
102111222
102112021
102112102
102112120
102112122
102112201
102112221
102120100
102120102
102120112
102120120
102120121
102120122
102121102
102121120
102121122
102122100
102122101
102122102
102122110
102122112
102122120
102122121
102202111
102210001
102210021
102210121
102210201
102210211
102210221
102211021
102211201
102211221
102212001
102212011
102212021
102212101
102212121
102212201
102212211
102220111
110012212
110012221
110102122
110120122
110122102
110122120
110122122
110210212
110210221
110212012
110212021
110212201
110212210
110212212
110212221
111000022
111000202
111000220
111000222
111001222
111002002
111002020
111002022
111002122
111002200
111002202
111002212
111002220
111002221
111002222
111010222
111012022
111012202
111012220
111012222
111020002
111020020
111020022
111020122
111020200
111020202
111020212
111020220
111020221
111020222
111021022
111021202
111021220
111021222
111022000
111022002
111022012
111022020
111022021
111022022
111022102
111022120
111022122
111022200
111022201
111022202
111022210
111022212
111022220
111022221
111100222
111102022
111102202
111102220
111102222
111112222
111120022
111120202
111120220
111120222
111121222
111122002
111122020
111122022
111122122
111122200
111122202
111122212
111122220
111122221
111122222
111200002
111200020
111200022
111200122
111200200
111200202
111200212
111200220
111200221
111200222
111201022
111201202
111201220
111201222
111202000
111202002
111202012
111202020
111202021
111202022
111202102
111202120
111202122
111202200
111202201
111202202
111202210
111202212
111202220
111202221
111210022
111210202
111210220
111210222
111211222
111212002
111212020
111212022
111212122
111212200
111212202
111212212
111212220
111212221
111212222
111220000
111220002
111220012
111220020
111220021
111220022
111220102
111220120
111220122
111220200
111220201
111220202
111220210
111220212
111220220
111220221
111221002
111221020
111221022
111221122
111221200
111221202
111221212
111221220
111221221
111221222
111222000
111222001
111222002
111222010
111222012
111222020
111222021
111222100
111222102
111222112
111222120
111222121
111222122
111222200
111222201
111222210
111222211
111222212
111222221
112010212
112010221
112012012
112012021
112012201
112012210
112012212
112012221
112100122
112102102
112102120
112102122
112111222
112112122
112112212
112112221
112120102
112120120
112120122
112121122
112122100
112122102
112122112
112122120
112122121
112122122
112210012
112210021
112210201
112210210
112210212
112210221
112211212
112211221
112212001
112212010
112212012
112212021
112212112
112212121
112212201
112212210
112212211
112212212
112212221
120010021
120010201
120010221
120011221
120012001
120012021
120012121
120012201
120012211
120012221
120022111
120100102
120100120
120100122
120101122
120102100
120102102
120102112
120102120
120102121
120102122
120110122
120110221
120111022
120111202
120111220
120111222
120112021
120112102
120112120
120112122
120112201
120112221
120120100
120120102
120120112
120120120
120120121
120120122
120121102
120121120
120121122
120122100
120122101
120122102
120122110
120122112
120122120
120122121
120202111
120210001
120210021
120210121
120210201
120210211
120210221
120211021
120211201
120211221
120212001
120212011
120212021
120212101
120212121
120212201
120212211
120220111
121001221
121010122
121010221
121012021
121012102
121012120
121012122
121012201
121012221
121021201
121100122
121102102
121102120
121102122
121111222
121112122
121112221
121120102
121120120
121120122
121121122
121122100
121122102
121122112
121122120
121122121
121122122
121201021
121201201
121201221
121210021
121210102
121210120
121210122
121210201
121210221
121211122
121211221
121212001
121212021
121212100
121212102
121212112
121212120
121212121
121212122
121212201
121212211
121212221
121221001
121221201
121221211
122002111
122010001
122010021
122010121
122010201
122010211
122010221
122011021
122011201
122011221
122012001
122012011
122012021
122012101
122012121
122012201
122012211
122020111
122022111
122100100
122100102
122100112
122100120
122100121
122100122
122101102
122101120
122101122
122102100
122102101
122102102
122102110
122102112
122102120
122102121
122110021
122110102
122110120
122110122
122110201
122110221
122111002
122111020
122111022
122111122
122111200
122111202
122111212
122111220
122111221
122111222
122112001
122112021
122112100
122112102
122112112
122112120
122112121
122112122
122112201
122112211
122112221
122120100
122120101
122120102
122120110
122120112
122120120
122120121
122121100
122121102
122121112
122121120
122121121
122121122
122122100
122122101
122122110
122122111
122122112
122122121
122200111
122202111
122210001
122210011
122210021
122210101
122210121
122210201
122210211
122211001
122211021
122211121
122211201
122211211
122211221
122212001
122212011
122212101
122212111
122212121
122212211
122220111
122221111
200002111
200020111
200022111
200111002
200111020
200111022
200111122
200111200
200111202
200111212
200111220
200111221
200111222
200122111
200200111
200202111
200212111
200220111
200221111
201001021
201001201
201001221
201010102
201010120
201010122
201011122
201011221
201012100
201012102
201012112
201012120
201012121
201012122
201021001
201021021
201021121
201021201
201021211
201021221
201022111
201101221
201110122
201111022
201111202
201111220
201111222
201112102
201112120
201112122
201121021
201121201
201121221
201201001
201201021
201201121
201202111
201210100
201210102
201210112
201210120
201210121
201210122
201211021
201211102
201211120
201211122
201212100
201212101
201212102
201212110
201212112
201212120
201212121
201220111
201221001
201221011
201221021
201221101
201221121
202000111
202002111
202012111
202020111
202021111
202022111
202102111
202111000
202111002
202111012
202111020
202111021
202111022
202111102
202111120
202111122
202111200
202111201
202111202
202111210
202111212
202111220
202111221
202120111
202122111
202200111
202201111
202202111
202210111
202212111
202220111
202221111
210010012
210010210
210010212
210011212
210012010
210012012
210012112
210012210
210012211
210012212
210022111
210110212
210111022
210111202
210111220
210111222
210112012
210112210
210112212
210202111
210210010
210210012
210210112
210211012
210212010
210212011
210212012
210212110
210212112
210220111
211001221
211010122
211010212
211012012
211012102
211012120
211012122
211012210
211012212
211021021
211021201
211021221
211111222
211112122
211112212
211121221
211201021
211210012
211210102
211210120
211210122
211211122
211212010
211212012
211212100
211212102
211212112
211212120
211212121
211212122
211221001
211221021
211221121
212002111
212010010
212010012
212010112
212010210
212010211
212010212
212011012
212011210
212011212
212012010
212012011
212012012
212012110
212012112
212012210
212012211
212020111
212022111
212110012
212110210
212110212
212111002
212111020
212111022
212111122
212111200
212111202
212111212
212111220
212111221
212111222
212112010
212112012
212112112
212112210
212112211
212112212
212122111
212200111
212202111
212210010
212210011
212210012
212210110
212210112
212211010
212211012
212211112
212212010
212212011
212212110
212212111
212212112
212220111
212221111
220000111
220002111
220012111
220020111
220021111
220022111
220102111
220111000
220111002
220111012
220111020
220111021
220111022
220111102
220111120
220111122
220111200
220111201
220111202
220111210
220111212
220111220
220111221
220120111
220122111
220200111
220201111
220202111
220210111
220212111
220220111
220221111
221001001
221001021
221001121
221001201
221001211
221001221
221002111
221010100
221010102
221010112
221010120
221010121
221010122
221011021
221011102
221011120
221011122
221011201
221011221
221012100
221012101
221012102
221012110
221012112
221012120
221012121
221020111
221021001
221021011
221021101
221021201
221021211
221022111
221101021
221101201
221101221
221110102
221110120
221110122
221111002
221111020
221111022
221111122
221111200
221111202
221111212
221111220
221111221
221111222
221112100
221112102
221112112
221112120
221112121
221112122
221121001
221121201
221121211
221122111
221200111
221201001
221201011
221201021
221201101
221201121
221202111
221210100
221210101
221210102
221210110
221210112
221210120
221210121
221211001
221211021
221211100
221211102
221211112
221211120
221211121
221211122
221212100
221212101
221212110
221212111
221212112
221212121
221220111
221221001
221221011
221221101
221221111